tree
version=v4
num_class=1
num_tree_per_iteration=1
label_index=0
max_feature_idx=13
objective=binary sigmoid:1
feature_names=齢 kinryo days_since_last last_ninki avg5_ninki last_margin avg5_margin avg5_last3f n_past_races same_track_as_last 人気 odds_prob 競馬場 性
feature_infos=[2:17] [50:59] [4:539] [1:16] [1:14.4] [0:10] [0:10] [34.780000000000001:50.700000000000003] [0:45] [0:1] [1:16] [0.00078435775997588622:0.87262392762377394] -1:2:1:3:0:10:9:8:4:6:7:5 -1:2:1:0
tree_sizes=1750 1770 1767 1765 1765 1766 1757 1762 1766 1790 1764 1767 1787 1770 1790 1787 1791 1773 1781 1796 1798 1788 1790 1785 1774 1770 1791 1785 1774 1783 1795 1785 1760 1787 1794 1769 1790 1800 1772 1786 1779 1788 1752 1788 1785 1768 1777 1795 1784 1786

Tree=0
num_leaves=15
num_cat=0
split_feature=11 11 11 11 11 10 11 10 11 10 11 11 11 10
split_gain=10703.6 1779.71 1328.39 279.269 155.382 154.037 138.321 60.8837 43.1955 30.4007 26.0073 25.2546 21.0253 32.784
threshold=0.094053101827253779 0.0305290530726431 0.26365760724187204 0.011850876599225296 0.16474010437206152 5.5000000000000009 0.48486198043646878 3.5000000000000004 0.11449473098711323 6.5000000000000009 0.0075275337653848114 0.049310766668641696 0.33028872132397391 1.5000000000000002
decision_type=2 2 2 2 2 2 2 2 2 2 2 2 2 2
left_child=1 3 4 10 8 7 12 -3 -2 -5 -1 -7 13 -4
right_child=2 5 6 9 -6 11 -8 -9 -10 -11 -12 -13 -14 -15
leaf_value=-0.95289205302502045 -0.86125124521127794 -0.86041327038579218 -0.80659837085749941 -0.91685055520288206 -0.82035099314775228 -0.91026867243859699 -0.74511277217466021 -0.88413854454233642 -0.84131422974783066 -0.92967508292574219 -0.94253432043994223 -0.89305425774175473 -0.77487013605331079 -0.77541132669763324
leaf_weight=1904.7191329300404 423.27091842889786 336.75847217440605 171.57957717776299 694.9902006983757 842.41236448287964 637.38406106829643 378.87909039855003 1372.4301438033581 758.58407527208328 1379.0372996032238 888.8689287006855 320.03410905599594 463.3268004655838 165.59184223413467
leaf_count=9225 2050 1631 831 3366 4080 3087 1835 6647 3674 6679 4305 1550 2244 802
internal_value=-0.888738 -0.921291 -0.812184 -0.939277 -0.836759 -0.888458 -0.770002 -0.879464 -0.848454 -0.925378 -0.949596 -0.904514 -0.781783 -0.791282
internal_weight=10737.9 7534.22 3203.64 4867.62 2024.27 2666.61 1179.38 1709.19 1181.85 2074.03 2793.59 957.418 800.498 337.171
internal_count=52006 36490 15516 23575 9804 12915 5712 8278 5724 10045 13530 4637 3877 1633
is_linear=0
shrinkage=1


Tree=1
num_leaves=15
num_cat=0
split_feature=11 11 11 11 11 11 10 11 11 11 10 11 11 10
split_gain=9528.37 1481.83 1175.54 256.039 183.638 129.62 125.188 53.0918 33.1129 25.4301 24.3304 23.3035 22.8314 23.2867
threshold=0.072793502892965892 0.25171616565564486 0.024913302979122937 0.11449473098711323 0.011850876599225296 0.44189301962144439 5.5000000000000009 0.18448977193723912 0.049310766668641696 0.0075275337653848114 4.5000000000000009 0.038415141303938603 0.2931505460503025 1.5000000000000002
decision_type=2 2 2 2 2 2 2 2 2 2 2 2 2 2
left_child=2 3 4 10 9 12 11 -5 -8 -1 -2 -4 -3 -14
right_child=1 5 6 7 -6 -7 8 -9 -10 -11 -12 -13 13 -15
leaf_value=-0.062696752840270473 0.025405500608184417 0.081165676230701617 -0.0095295967651601778 0.046085536470425958 -0.037970423846162213 0.12582387998384498 -0.024141828260973209 0.065318221728217968 -0.004186264006769815 -0.052328381259227411 0.0078149444848150378 0.0061529261909068385 0.093528418146260534 0.11763432563772908
leaf_weight=1852.8476648032665 757.80472411215305 261.93034878373146 312.7873507142067 989.87119889259338 1583.1204997599125 488.63660971820354 977.66215728223324 562.86924129724503 264.01582042872906 868.62366758286953 265.42789679765701 976.10420170426369 442.0268736332655 129.54594588279724
leaf_count=9225 3639 1224 1519 4694 7790 2243 4789 2652 1281 4305 1281 4711 2053 600
internal_value=-3.55421e-05 0.0623466 -0.0356123 0.0402609 -0.0515108 0.105377 -0.00856828 0.0530574 -0.0198987 -0.0593874 0.0208425 0.0023471 0.09339 0.098992
internal_weight=10733.3 3898.11 6835.16 2575.97 4304.59 1322.14 2530.57 1552.74 1241.68 2721.47 1023.23 1288.89 833.503 571.573
internal_count=52006 18386 33620 12266 21320 6120 12300 7346 6070 13530 4920 6230 3877 2653
is_linear=0
shrinkage=0.05


Tree=2
num_leaves=15
num_cat=0
split_feature=11 11 11 11 11 11 10 11 11 11 11 10 10 11
split_gain=8522.8 1247.2 1109.14 182.014 178.036 146.927 114.311 30.5361 29.9239 27.265 24.9856 23.9134 22.6846 22.4612
threshold=0.072793502892965892 0.22769708558020688 0.024913302979122937 0.11449473098711323 0.011850876599225296 0.41639605593405632 5.5000000000000009 0.049310766668641696 0.2931505460503025 0.16474010437206152 0.0075275337653848114 1.5000000000000002 3.5000000000000004 0.61404714246845693
decision_type=2 2 2 2 2 2 2 2 2 2 2 2 2 2
left_child=2 3 4 12 10 8 -4 -8 -3 -5 -1 -10 -2 -7
right_child=1 5 6 9 -6 13 7 -9 11 -11 -12 -13 -14 -15
leaf_value=-0.061334085906257989 0.029681066533594341 0.071298570956715032 0.0022271030908808365 0.041101952077517878 -0.036695869341328943 0.10700199618860989 -0.023182157466571814 -0.0039841309061734243 0.082534510569783545 0.055122616949554351 -0.050926692801817768 0.10729657872500492 0.014161691734006554 0.12992994695213894
leaf_weight=1800.6402365863323 363.53775905072689 447.21708798408508 1290.1173063367605 787.32639902830124 1556.8784435689449 461.44728431105614 967.49197222292423 263.55214440822601 368.03428511321545 619.63258051872253 848.42177152633667 132.63962811231613 668.35595096647739 138.99208833277225
leaf_count=9225 1723 2040 6230 3674 7790 2040 4789 1281 1655 2856 4305 590 3197 611
internal_value=-6.38751e-05 0.0578604 -0.0343958 0.0355789 -0.0501146 0.0929571 -0.00817296 -0.0190721 0.0806984 0.0472767 -0.0580009 0.0890945 0.0196292 0.112309
internal_weight=10714.3 3987.18 6727.1 2438.85 4205.94 1548.33 2521.16 1231.04 947.891 1406.96 2649.06 500.674 1031.89 600.439
internal_count=52006 18386 33620 11450 21320 6936 12300 6070 4285 6530 13530 2245 4920 2651
is_linear=0
shrinkage=0.05


Tree=3
num_leaves=15
num_cat=0
split_feature=11 11 11 11 11 10 11 11 11 11 10 10 11 10
split_gain=7645.64 1066.06 1047.23 191.509 173.059 104.357 91.2877 39.1489 28.1486 24.7591 21.9548 20.256 19.9461 24.4808
threshold=0.072793502892965892 0.25171616565564486 0.024913302979122937 0.11449473098711323 0.011850876599225296 5.5000000000000009 0.48486198043646878 0.18448977193723912 0.049310766668641696 0.0055654864713842464 3.5000000000000004 4.5000000000000009 0.33028872132397391 1.5000000000000002
decision_type=2 2 2 2 2 2 2 2 2 2 2 2 2 2
left_child=2 3 4 11 9 10 12 -5 -7 -1 -4 -2 13 -3
right_child=1 6 5 7 -6 8 -8 -9 -10 -11 -12 -13 -14 -15
leaf_value=-0.061763868152201196 0.022609344591582939 0.06052614621155783 0.018632202147894239 0.04010938415713048 -0.035463613662217244 -0.022256202140274694 0.10821347235485466 0.056288011909122672 -0.0037914544325304829 -0.051955479069918376 -0.00045944209464520482 0.00665106946632013 0.08734891081025023 0.083605779300524694
leaf_weight=1243.3015513420105 772.09943819046021 211.60101345181465 174.04338222742081 1024.0376368463039 1531.091796875 957.61331556737423 430.72820475697517 588.97675269842148 263.10982829332352 1333.4444975107908 1117.2633320093155 267.8251923173666 516.58519098162651 251.40899014472961
leaf_count=6560 3639 937 831 4694 7790 4789 1835 2652 1281 6970 5399 1281 2244 1104
internal_value=-8.6641e-05 0.0539035 -0.0332257 0.0352303 -0.0487772 -0.00779486 0.0890295 0.0460169 -0.0182764 -0.0566881 0.00211375 0.0184994 0.0805943 0.0730581
internal_weight=10683.1 4063.26 6619.87 2652.94 4107.84 2512.03 1410.32 1613.01 1220.72 2576.75 1291.31 1039.92 979.595 463.01
internal_count=52006 18386 33620 12266 21320 12300 6120 7346 6070 13530 6230 4920 4285 2041
is_linear=0
shrinkage=0.05


Tree=4
num_leaves=15
num_cat=0
split_feature=11 11 11 11 11 11 11 10 10 11 10 11 10 11
split_gain=6875.31 993.469 925.426 151.791 137.961 108.512 106.679 43.1721 26.2247 22.7164 23.8534 20.8921 18.8425 17.509
threshold=0.072793502892965892 0.019879877077924355 0.22769708558020688 0.037776379701636997 0.11449473098711323 0.41639605593405632 0.010022700612961356 6.5000000000000009 5.5000000000000009 0.26365760724187204 1.5000000000000002 0.16474010437206152 3.5000000000000004 0.61404714246845693
decision_type=2 2 2 2 2 2 2 2 2 2 2 2 2 2
left_child=1 6 4 8 12 9 -1 -5 -3 -4 -11 -6 -2 -7
right_child=2 3 5 7 11 13 -8 -9 -10 10 -12 -13 -14 -15
leaf_value=-0.056801407221993394 0.026502470434194698 -0.01141736283771151 0.057300156510311284 0.0033909577291554964 0.035913941886137855 0.09130886633092393 -0.038891514042966979 -0.020091730551605957 -0.026770839247026341 0.067367312047782318 0.086471841535147198 0.047986400756358932 0.012479726485041774 0.11098089460291492
leaf_weight=2197.241669818759 370.90937212109566 379.75514599680901 278.77432224154472 1330.5111182630062 810.70610299706459 486.94299530982971 1337.5928310751915 229.48381897807121 1039.2221726924181 461.66759467124939 252.88462674617767 642.28951227664948 676.46796248853207 147.33403199911118
leaf_count=11890 1723 1874 1224 6443 3674 2040 6970 1142 5301 1985 1076 2856 3197 611
internal_value=-0.000105071 -0.0320985 0.0503794 -0.0108278 0.0312789 0.0797221 -0.0500242 -6.34746e-05 -0.0226619 0.0694057 0.0741285 0.0412505 0.0174456 0.0958784
internal_weight=10641.8 6513.81 4127.98 2978.97 2500.37 1627.6 3534.83 1559.99 1418.98 993.327 714.552 1453 1047.38 634.277
internal_count=52006 33620 18386 14760 11450 6936 18860 7585 7175 4285 3061 6530 4920 2651
is_linear=0
shrinkage=0.05


Tree=5
num_leaves=15
num_cat=0
split_feature=11 11 11 11 11 11 11 10 11 10 11 10 10 10
split_gain=6194.92 942.024 812.183 139.212 129.282 104.71 90.2412 39.2717 28.5885 24.3954 17.3772 19.0767 17.0807 16.9678
threshold=0.072793502892965892 0.019879877077924355 0.20304933617663737 0.037776379701636997 0.34263678417970328 0.010022700612961356 0.11449473098711323 6.5000000000000009 0.48486198043646878 5.5000000000000009 0.26365760724187204 1.5000000000000002 3.5000000000000004 4.5000000000000009
decision_type=2 2 2 2 2 2 2 2 2 2 2 2 2 2
left_child=1 5 6 9 10 -1 13 12 -6 -3 -4 -12 -5 -2
right_child=2 3 4 7 8 -7 -8 -9 -10 -11 11 -13 -14 -15
leaf_value=-0.055624701824424305 0.020181985447350542 -0.010902104083506604 0.052311287086660656 0.018379398441653334 0.07630062941787194 -0.037675304299409663 0.036364151469985104 -0.019263662468779627 0.09377946428042451 -0.025762483263840633 0.055704377307542532 0.076649496762607572 0.0011030739081004145 0.0056474018767360343
leaf_weight=2133.169819265604 784.41006830334663 377.86752040684223 517.01996001601219 163.01146557927132 488.8572028875351 1312.3829497992992 1238.6401744782925 227.43435187637806 448.63327270746231 1026.2396807670593 223.98485550284386 211.23726136982441 1169.3771333396435 269.88529741764069
leaf_count=11890 3639 1874 2244 771 2040 6970 5510 1142 1835 5301 954 883 5672 1281
internal_value=-0.000119957 -0.0310095 0.0472149 -0.0103421 0.0714846 -0.0487879 0.0272128 -6.10688e-05 0.0846651 -0.0217633 0.0585084 0.0658702 0.00321675 0.0164613
internal_weight=10592.2 6409.48 4182.67 2963.93 1889.73 3445.55 2292.94 1559.82 937.49 1404.11 952.242 435.222 1332.39 1054.3
internal_count=52006 33620 18386 14760 7956 18860 10430 7585 3875 7175 4081 1837 6443 4920
is_linear=0
shrinkage=0.05


Tree=6
num_leaves=15
num_cat=0
split_feature=10 11 11 11 11 11 11 10 11 11 11 11 10 2
split_gain=5604.4 861.06 747.634 165.554 116.73 115.621 44.8919 27.4418 26.2232 26.0477 19.0093 15.4971 16.8109 14.334
threshold=4.5000000000000009 0.20304933617663737 0.0145773010514721 0.037109707622361328 0.11449473098711323 0.34263678417970328 0.0075275337653848114 6.5000000000000009 0.066626764031407756 0.48486198043646878 0.02691706453873392 0.26365760724187204 1.5000000000000002 54.500000000000007
decision_type=2 2 2 2 2 2 2 2 2 2 2 2 2 8
left_child=1 4 6 10 8 11 -2 13 -1 -7 -4 -3 -13 -5
right_child=2 5 3 7 -6 9 -8 -9 -10 -11 -12 12 -14 -15
leaf_value=0.0046330697975990008 -0.05671764816759714 0.048986470276877934 -0.029243730319737694 0.0034140403389431393 0.034350252649906661 0.071445039068463889 -0.04375493201102687 -0.017504844540938907 0.018588232528262097 0.08802221518497777 -0.0186041327979488 0.052217878114083197 0.071745295667014 -0.011756817419442683
leaf_weight=536.72982649505138 1598.4147848933935 524.30859047174454 1195.8534363359213 923.27604402601719 1232.2926465421915 495.78641945123672 1147.3221527040005 249.16845563054085 902.96080720424652 453.92866173386574 646.91919685900211 226.91354919970036 214.30819460749626 187.28194613754749
leaf_count=2590 9225 2244 6358 4459 5420 2040 6348 1260 4176 1835 3309 954 883 905
internal_value=-0.000132005 0.0413946 -0.032157 -0.0157433 0.0230543 0.0669814 -0.0513011 -0.00250888 0.0133856 0.0793683 -0.0255086 0.0547974 0.0617026 0.000855662
internal_weight=10535.5 4587.23 5948.24 3202.5 2671.98 1915.25 2745.74 1359.73 1439.69 949.715 1842.77 965.53 441.222 1110.56
internal_count=52006 20142 31864 16291 12186 7956 15573 6624 6766 3875 9667 4081 1837 5364
is_linear=0
shrinkage=0.05


Tree=7
num_leaves=15
num_cat=0
split_feature=10 11 11 11 11 11 11 11 10 11 11 10 11 4
split_gain=5073.88 765.506 714.789 152.784 105.242 103.301 44.6511 28.0668 24.9942 23.3502 17.8662 15.717 14.6914 13.5927
threshold=4.5000000000000009 0.20304933617663737 0.0145773010514721 0.037109707622361328 0.41639605593405632 0.11449473098711323 0.0075275337653848114 0.2931505460503025 6.5000000000000009 0.066626764031407756 0.02691706453873392 1.5000000000000002 0.61404714246845693 2.2250000000000005
decision_type=2 2 2 2 2 2 2 2 2 2 2 2 2 8
left_child=1 5 6 10 7 9 -2 -3 -5 -1 -4 -9 -6 -11
right_child=2 4 3 8 12 -7 -8 11 -10 13 -12 -13 -14 -15
leaf_value=0.0043928148785386716 -0.05567841686454153 0.04816256228113508 -0.028203870520189075 0.00081225375223237186 0.075106102645376149 0.032297718228418086 -0.042575042851514429 0.058049724969367458 -0.0167675290800091 0.00067552890108159053 -0.017833107968215713 0.077221099299621079 0.092812249416381679 0.019753886484769268
leaf_weight=537.75375616550446 1548.1170047819614 728.33249804377556 1178.3985995054245 1110.9453315883875 505.97037154436111 1244.7415926456451 1120.8418586105108 402.56555730104446 247.17088171839714 105.63536448776722 641.29129675030708 145.56240616738796 152.45221553742886 803.4375788718462
leaf_count=2590 9225 3060 6358 5364 2040 5420 6348 1655 1260 485 3309 590 611 3691
internal_value=-0.00014177 0.0389814 -0.0310993 -0.0150776 0.0629695 0.0217371 -0.0501756 0.0545945 -0.00238719 0.0126516 -0.024549 0.0631409 0.0792058 0.017537
internal_weight=10473.2 4626.45 5846.76 3177.81 1934.88 2691.57 2668.96 1276.46 1358.12 1446.83 1819.69 548.128 658.423 909.073
internal_count=52006 20142 31864 16291 7956 12186 15573 5305 6624 6766 9667 2245 2651 4176
is_linear=0
shrinkage=0.05


Tree=8
num_leaves=15
num_cat=0
split_feature=10 11 11 11 11 11 11 11 11 10 10 2 11 11
split_gain=4598.39 684.508 683.533 141.372 97.0245 91.6386 44.475 24.5917 22.8297 21.9611 18.6898 15.1505 14.9704 12.955
threshold=4.5000000000000009 0.20304933617663737 0.0145773010514721 0.040569872116051932 0.34263678417970328 0.11449473098711323 0.0075275337653848114 0.0305290530726431 0.48486198043646878 3.5000000000000004 6.5000000000000009 54.500000000000007 0.022708061051517518 0.26365760724187204
decision_type=2 2 2 2 2 2 2 2 2 2 2 8 2 2
left_child=1 5 6 7 13 9 -2 -4 -6 -1 11 -5 -11 -3
right_child=2 4 3 10 8 -7 -8 -9 -10 12 -12 -13 -14 -15
leaf_value=0.019714304150983679 -0.054684295195891741 0.043087306807334809 -0.026155060004452786 0.0046824587544497236 0.063311125943243576 0.030401982074106233 -0.041427804285095654 -0.013719846836257991 0.078723143399496431 -0.040012963651319622 -0.015165223335266554 -0.0119013822376649 0.0079797368378411136 0.054593231064984475
leaf_weight=560.97124795615673 1498.7055966258049 536.28967756032944 1414.1467667818069 831.29361541569233 504.84564474225044 1255.9407382160425 1094.9515091925859 553.07014767825603 458.51069615781307 16.555964112281799 190.30592860281467 165.06576392054558 875.94200548529625 449.85772122442722
leaf_count=2561 9225 2244 7683 3998 2040 5420 6348 2838 1835 87 973 799 4118 1837
internal_value=-0.000149569 0.0367669 -0.0300738 -0.0144372 0.0593609 0.0205098 -0.0490879 -0.022659 0.0706465 0.0119621 -0.000807342 0.00193503 0.00708947 0.048336
internal_weight=10406.5 4658.91 5747.54 3153.88 1949.5 2709.41 2593.66 1967.22 963.356 1453.47 1186.67 996.359 892.498 986.147
internal_count=52006 20142 31864 16291 7956 12186 15573 10521 3875 6766 5770 4797 4205 4081
is_linear=0
shrinkage=0.05


Tree=9
num_leaves=15
num_cat=1
split_feature=11 11 11 11 11 10 11 10 11 11 11 2 10 12
split_gain=4182.93 792.923 468.934 137.685 90.4738 71.2842 41.8292 30.1085 24.9041 23.2754 16.5803 15.1995 14.6523 13.8852
threshold=0.048411493370566251 0.20304933617663737 0.014277908558726989 0.097940507294933241 0.41639605593405632 5.5000000000000009 0.0075275337653848114 3.5000000000000004 0.027360587008245837 0.2931505460503025 0.13646491605063624 114.50000000000001 1.5000000000000002 0
decision_type=2 2 2 2 2 2 2 2 2 2 2 8 2 1
left_child=2 3 6 7 9 -4 -1 -2 -7 -3 -5 -9 -11 -12
right_child=1 4 5 10 -6 8 -8 11 -10 12 13 -13 -14 -15
leaf_value=-0.053730057786257779 0.019249425179111577 0.04261920923624677 -0.0044697018090905389 0.021083329367102995 0.071132174166384524 -0.027850692576943982 -0.040572885961485235 0.0045429042101582722 -0.015960320984945323 0.051281690927188317 0.021030513517851252 -0.012300330718096318 0.069679704970018172 0.036912469241491629
leaf_weight=1450.2888325601816 343.09928947687149 741.66456413269043 725.34883362054825 788.12802858650684 661.99190147221088 1079.7753757238388 1035.3126280009747 1200.1677793115377 743.66852919757366 408.94728171825409 349.90074457228184 150.76832246780396 147.16261433064938 509.93076567351818
leaf_count=9225 1557 3060 3618 3478 2651 6009 6150 5717 3903 1655 1494 721 590 2178
internal_value=-0.000155789 0.0308394 -0.0327971 0.0160322 0.0560903 -0.0177275 -0.0482498 0.00602243 -0.0230014 0.0484174 0.0263218 0.00266315 0.0561503 0.0311233
internal_weight=10336.2 5301.76 5034.39 3341.99 1959.77 2548.79 2485.6 1694.04 1823.44 1297.77 1647.96 1350.94 556.11 859.832
internal_count=52006 23101 28905 15145 7956 13530 15375 7995 9912 5305 7150 6438 2245 3672
cat_boundaries=0 1
cat_threshold=1162
is_linear=0
shrinkage=0.05


Tree=10
num_leaves=15
num_cat=0
split_feature=11 11 11 11 11 10 11 10 11 11 2 10 2 8
split_gain=3814.17 780.506 382.354 119.882 106.494 47.4283 39.3567 27.9204 23.1949 19.3491 17.3015 16.5611 15.0134 13.3149
threshold=0.043654213006527422 0.18448977193723912 0.013964549808562756 0.097940507294933241 0.33028872132397391 5.5000000000000009 0.0075275337653848114 3.5000000000000004 0.59371655968715387 0.02691706453873392 114.50000000000001 6.5000000000000009 15.500000000000002 23.500000000000004
decision_type=2 2 2 2 2 2 2 2 2 2 8 2 10 2
left_child=2 3 6 7 12 -4 -1 -2 -6 -7 11 -9 -3 -5
right_child=1 4 5 13 8 9 -8 10 -10 -11 -12 -13 -14 -15
leaf_value=-0.052811069219965673 0.017300698429023112 0.047396947736898329 -0.0066115610309705865 0.02488259523435303 0.059326953334003875 -0.027231412561638177 -0.039738399145013488 0.005543566029716872 0.078228012808685049 -0.016333136777120942 -0.012897126849464455 -0.012739576926131889 0.035840923281790435 0.0041431205365056976
leaf_weight=1402.9548753798008 362.54105877876282 496.67544649541378 586.4984714537859 1382.5657073706388 814.18189315497875 1066.6386544555426 976.46870487928391 1271.1670295894146 202.73186622560024 658.83508597314358 175.24507524073124 137.2307496368885 647.43653026223183 81.978600084781647
leaf_count=9225 1637 2037 2963 5977 3264 6039 5945 6037 815 3503 847 704 2656 357
internal_value=-0.000157799 0.0278117 -0.0333759 0.0129157 0.0513219 -0.0188949 -0.0474463 0.00478402 0.0630951 -0.0230701 0.0019186 0.0037621 0.0408576 0.0237217
internal_weight=10263.1 5571.75 4691.4 3410.73 2161.03 2311.97 2379.42 1946.18 1016.91 1725.47 1583.64 1408.4 1144.11 1464.54
internal_count=52006 24331 27675 15559 8772 12505 15170 9225 4079 9542 7588 6741 4693 6334
is_linear=0
shrinkage=0.05


Tree=11
num_leaves=15
num_cat=0
split_feature=11 11 11 11 11 10 11 10 11 11 10 11 11 2
split_gain=3477.36 704.507 368.854 128.074 80.3406 44.0009 39.33 25.55 20.5573 18.1797 18.0466 14.1709 13.2801 13.1345
threshold=0.043654213006527422 0.20304933617663737 0.013964549808562756 0.097940507294933241 0.41639605593405632 5.5000000000000009 0.0075275337653848114 4.5000000000000009 0.26365760724187204 0.02691706453873392 1.5000000000000002 0.13646491605063624 0.61404714246845693 54.500000000000007
decision_type=2 2 2 2 2 2 2 2 2 2 2 2 2 8
left_child=2 3 6 7 8 -4 -1 -2 -3 -7 -10 -5 -6 -9
right_child=1 4 5 11 12 9 -8 13 10 -11 -12 -13 -14 -15
leaf_value=-0.051923160388108625 0.010350529813019255 0.035862755535220885 -0.0063003307729317297 0.018591495487689302 0.060781028692398334 -0.026267782999382414 -0.038673266319279365 0.0013874607651110976 0.042881222500787575 -0.015647115905599789 0.058986941593657742 0.027811688777272608 0.07768222132714038 -0.014438967975992865
leaf_weight=1356.7746255546808 959.51705138385296 548.57401624321938 584.74337637424469 798.45881472527981 508.04643085598946 1050.8877116590738 953.77738545835018 834.25048008561134 493.65649375319481 653.47431075572968 268.54773300886154 871.67742344737053 150.7036115527153 155.53714773058891
leaf_count=9225 4413 2244 2963 3478 2040 6039 5945 4044 1985 3503 1076 3672 611 768
internal_value=-0.000161685 0.0263376 -0.0323605 0.0132425 0.0504026 -0.0181353 -0.0464537 0.00453659 0.0432436 -0.0221957 0.0485558 0.0234037 0.0646475 -0.00109953
internal_weight=10188.6 5588.97 4599.66 3619.44 1969.53 2289.11 2310.55 1949.3 1310.78 1704.36 762.204 1670.14 658.75 989.788
internal_count=52006 24331 27675 16375 7956 12505 15170 9225 5305 9542 3061 7150 2651 4812
is_linear=0
shrinkage=0.05


Tree=12
num_leaves=15
num_cat=1
split_feature=11 11 11 11 11 11 11 10 11 10 2 10 11 12
split_gain=3171.67 638.084 355.72 114.466 75.7843 41.7769 39.3132 23.6715 19.1789 15.7579 14.9228 12.9939 12.7137 15.1866
threshold=0.043654213006527422 0.20304933617663737 0.013964549808562756 0.097940507294933241 0.41639605593405632 0.0305290530726431 0.0075275337653848114 3.5000000000000004 0.2931505460503025 6.5000000000000009 33.500000000000007 1.5000000000000002 0.13382122943974864 0
decision_type=2 2 2 2 2 2 2 2 2 2 8 2 2 1
left_child=2 3 6 7 8 9 -1 -2 -3 -4 -9 -10 -5 -14
right_child=1 4 5 12 -6 -7 -8 10 11 -11 -12 -13 13 -15
leaf_value=-0.051062620624967574 0.015766949293716113 0.035751052229713642 -0.015787472948368932 0.017288497987000252 0.061771750506505352 -0.0081525069079845785 -0.037631147242772403 0.0043767635082138257 0.043416425434860517 -0.026436423663957223 -0.006992300704269332 0.060716160936839597 0.016584440057194717 0.031575275470063356
leaf_weight=1311.8031936138868 365.87073388695717 754.48547318577766 560.93241277337074 754.44769556820393 655.0433037430048 793.54516939818859 931.74712906777859 1207.1569805592299 413.00357505679131 912.5692060738802 379.32439264655113 147.23954483866692 374.07081960141659 551.02436386048794
leaf_count=9225 1637 3060 3110 3274 2651 4100 5945 5756 1655 5295 1832 590 1570 2306
internal_value=-0.000164362 0.0249631 -0.0313699 0.0125354 0.0478775 -0.0174016 -0.0454845 0.00430238 0.0409549 -0.0223826 0.00165844 0.047963 0.0221056 0.0260342
internal_weight=10112.3 5601.67 4510.6 3631.89 1969.77 2267.05 2243.55 1952.35 1314.73 1473.5 1586.48 560.243 1679.54 925.095
internal_count=52006 24331 27675 16375 7956 12505 15170 9225 5305 8405 7588 2245 7150 3876
cat_boundaries=0 1
cat_threshold=1162
is_linear=0
shrinkage=0.05


Tree=13
num_leaves=15
num_cat=0
split_feature=11 11 11 10 11 11 11 10 11 2 7 2 2 11
split_gain=2894.4 613.047 306.758 97.5499 88.6149 39.3619 33.257 31.6735 21.9954 14.6243 14.2595 13.6621 13.2335 12.6544
threshold=0.040569872116051932 0.18448977193723912 0.013964549808562756 3.5000000000000004 0.33028872132397391 0.0057053412130316878 0.089317665454783049 5.5000000000000009 0.48486198043646878 31.500000000000004 43.410000000000011 91.500000000000014 15.500000000000002 0.02691706453873392
decision_type=2 2 2 2 2 2 2 2 2 8 10 10 10 2
left_child=2 3 5 10 12 -1 9 -4 -6 -5 11 -2 -3 -9
right_child=1 4 7 6 8 -7 -8 13 -10 -11 -12 -13 -14 -15
leaf_value=-0.052335337256209286 0.02208893783936897 0.040604824414860026 -0.0066927035619372124 0.0025796650947759615 0.048172131215949814 -0.03874430663127415 0.014043825795184126 -0.024472047483558811 0.063043387156453093 -0.008526804751786566 -0.044637878396481756 0.0043912642704432977 0.029826269057580092 -0.015142403509350075
leaf_weight=928.34372915327549 1331.2686109244823 503.40453988313675 497.44472882151604 1199.8874515146017 559.22318185865879 1250.1277511715889 555.46587905287743 1021.7700235247612 447.70225596427917 393.61941079795361 8.4146594107151014 118.7800524532795 655.67925933003426 564.11645153164864
leaf_count=6765 5702 2037 2565 5765 2244 8405 2446 6039 1835 1922 36 508 2656 3081
internal_value=-0.000163797 0.0229071 -0.0314178 0.0102821 0.0439337 -0.0445361 0.00350859 -0.0177006 0.0547842 -0.000163795 0.0202626 0.0206392 0.0345075 -0.0211534
internal_weight=10035.2 5773.45 4261.8 3607.44 2166.01 2178.47 2148.97 2083.33 1006.93 1593.51 1458.46 1450.05 1159.08 1585.89
internal_count=52006 25151 26855 16379 8772 15170 10133 11685 4079 7687 6246 6210 4693 9120
is_linear=0
shrinkage=0.05


Tree=14
num_leaves=15
num_cat=1
split_feature=11 11 11 11 10 11 11 11 11 12 7 10 10 7
split_gain=2643.25 557.453 297.567 105.091 69.1103 36.7936 28.0249 27.7763 27.1339 19.0005 18.5032 16.5358 14.5801 12.2601
threshold=0.040569872116051932 0.16474010437206152 0.011850876599225296 0.2931505460503025 3.5000000000000004 0.026420399406296945 0.48486198043646878 0.089317665454783049 0.0052808137100124582 0 43.410000000000011 7.5000000000000009 6.5000000000000009 39.763333333333343
decision_type=2 2 2 2 2 2 2 2 2 1 10 2 2 8
left_child=2 4 8 9 10 -4 -5 12 -1 -3 13 -7 -6 -2
right_child=1 3 5 6 7 11 -8 -9 -10 -11 -12 -13 -14 -15
leaf_value=-0.052195766067959351 0.024338414415973238 0.035812301308215763 -0.023626407054052185 0.044730921800365087 0.0015796130897578785 -0.0077480643302722295 0.060548543580388893 0.012897395198091488 -0.040025766483335438 0.021203824187925668 -0.063683980788838787 -0.025661400556717284 -0.013337570659630697 0.014210360725962577
leaf_weight=814.33041840791702 519.86495345830917 659.00939735770226 1395.3049495518208 761.30128347873688 1407.9728304296732 767.40236325562 442.96181844174862 547.61480703949928 1046.7071589082479 546.21114140748978 6.8844539970159522 154.81900699436665 185.37069444358349 702.67051994800568
leaf_count=6150 2225 2674 8405 3061 6721 4059 1835 2404 7380 2222 30 861 966 3013
internal_value=-0.000165062 0.0217377 -0.0304613 0.0401028 0.00860851 -0.0185046 0.0505491 0.0031829 -0.045351 0.0296648 0.0180569 -0.0107553 -0.000155862 0.0185172
internal_weight=9958.43 5779.86 4178.56 2409.48 3370.38 2317.53 1204.26 2140.96 1861.04 1205.22 1229.42 922.221 1593.34 1222.54
internal_count=52006 25151 26855 9792 15359 13325 4896 10091 13530 4896 5268 4920 7687 5238
cat_boundaries=0 1
cat_threshold=821
is_linear=0
shrinkage=0.05


Tree=15
num_leaves=15
num_cat=1
split_feature=11 11 11 10 11 10 10 11 11 11 12 11 7 10
split_gain=2417.13 529.329 265.542 101.519 65.044 29.3234 27.5658 27.2263 20.5181 15.7691 15.1654 14.0757 13.9063 13.2685
threshold=0.038415141303938603 0.20304933617663737 0.011850876599225296 3.5000000000000004 0.46258001579790081 5.5000000000000009 6.5000000000000009 0.0052808137100124582 0.26365760724187204 0.089317665454783049 0 0.019879877077924355 42.490000000000016 1.5000000000000002
decision_type=2 2 2 2 2 2 2 2 2 2 1 2 10 2
left_child=2 3 7 10 8 9 -4 -1 -3 -5 -2 -8 -7 -10
right_child=1 4 6 5 -6 12 11 -9 13 -11 -12 -13 -14 -15
leaf_value=-0.051459657899608241 0.010682309574916357 0.028581513602588961 -0.011898197279324408 0.0027061009289014392 0.057213895889265537 -0.0079736042176124441 -0.028394859861440382 -0.039072677698039737 0.036853887800033541 0.013041753438367151 0.022016351987823066 -0.017820231709344918 0.047230931226797321 0.050066298794141255
leaf_weight=785.41530668735504 484.69315652549267 557.17147102952003 912.7920088917017 1133.773172467947 487.75607140362263 578.48399089276791 654.09362623095512 1019.3294874727726 643.140251532197 547.12207423150539 1189.8326385319233 606.46154598891735 11.63731390237808 269.70588774979115
leaf_count=6150 2048 2244 5072 5369 2039 2923 4112 7380 2586 2386 5025 3526 59 1087
internal_value=-0.00016276 0.0201374 -0.0302874 0.00959082 0.0413922 0.00270389 -0.0185156 -0.0444634 0.0361426 0.0060703 0.018931 -0.0233073 -0.00688496 0.0407576
internal_weight=9881.41 5903.32 3978.09 3945.54 1957.77 2271.02 2173.35 1804.74 1470.02 1680.9 1674.53 1260.56 590.121 912.846
internal_count=52006 25766 26240 17810 7956 10737 12710 13530 5917 7755 7073 7638 2982 3673
cat_boundaries=0 1
cat_threshold=74
is_linear=0
shrinkage=0.05


Tree=16
num_leaves=15
num_cat=1
split_feature=11 11 11 11 10 11 11 11 10 12 10 3 11 10
split_gain=2209.53 482.892 257.07 92.4931 63.3831 27.3213 26.1982 26.0413 19.6083 17.037 15.1634 13.9362 12.8505 12.088
threshold=0.038415141303938603 0.16474010437206152 0.011850876599225296 0.2931505460503025 4.5000000000000009 0.0052808137100124582 0.026420399406296945 0.48486198043646878 2.5000000000000004 0 6.5000000000000009 1.5000000000000002 0.070314041648518191 7.5000000000000009
decision_type=2 2 2 2 2 2 2 2 2 1 2 8 2 2
left_child=2 4 5 9 8 -1 -4 -5 -2 -3 -6 -10 -13 -8
right_child=1 3 6 7 10 -7 13 -9 11 -11 -12 12 -14 -15
leaf_value=-0.050742866755040694 0.024037363045932979 0.032434060178142696 -0.021993568767544436 0.040728714311181968 0.00088203564667434795 -0.03813431467826453 -0.0076878432220651499 0.056115726744892597 -0.0023124703428745101 0.018813849556248874 -0.013683010226725068 0.0044877135288018547 0.014438397613007501 -0.023893620280685795
leaf_weight=757.39700496196747 311.47629988193512 662.56546986103058 1359.1669235229492 756.42834873497486 1066.6715348660946 992.8702280074358 651.54854965209961 432.02492490410805 190.79461374878883 548.54744271934032 214.65586841106415 433.8024839758873 1287.1755520403385 139.74856077134609
leaf_count=6150 1311 2674 8405 3061 5132 7380 3508 1835 831 2222 1136 2025 5539 797
internal_value=-0.000161211 0.0191315 -0.0293627 0.0364125 0.00729934 -0.0435904 -0.0177827 0.0463222 0.0124041 0.0266882 -0.00155799 0.0105087 0.0119302 -0.0105499
internal_weight=9804.87 5904.14 3900.73 2399.57 3504.58 1750.27 2150.46 1188.45 2223.25 1211.11 1281.33 1911.77 1720.98 791.297
internal_count=52006 25766 26240 9792 15974 13530 12710 4896 9706 4896 6268 8395 7564 4305
cat_boundaries=0 1
cat_threshold=821
is_linear=0
shrinkage=0.05


Tree=17
num_leaves=15
num_cat=0
split_feature=10 11 11 11 11 11 11 11 11 10 11 8 4 9
split_gain=2021.01 421.168 274.345 78.5802 59.715 40.6922 26.3877 21.1249 13.7793 16.7326 13.7357 12.5758 12.063 12.4813
threshold=5.5000000000000009 0.20304933617663737 0.011850876599225296 0.097940507294933241 0.41639605593405632 0.0305290530726431 0.0052808137100124582 0.033973819533515102 0.26365760724187204 1.5000000000000002 0.61404714246845693 23.500000000000004 2.4500000000000006 1.0000000180025095e-35
decision_type=2 2 2 2 2 2 2 2 2 2 2 2 10 8
left_child=1 3 6 7 8 -4 -2 -1 -3 -10 -6 -5 13 -9
right_child=2 4 5 11 10 -7 -8 12 9 -11 -12 -13 -14 -15
leaf_value=-0.0088774209895787649 -0.050042890667995554 0.025728319383079585 -0.021646184414891485 0.018102898038627569 0.046478903575879353 -0.0079575604476392111 -0.037427974721242117 -0.043907889685085681 0.030633474880227274 0.046212368784004962 0.06428681163035567 -0.0011642678461881559 0.0066738134400506667 -0.0017175139866747035
leaf_weight=333.66724870353937 730.28119504451752 559.23648875951767 1388.9952484667301 1617.5367572456598 484.83952844142914 891.29343184828758 958.82253843545914 18.714443325996399 493.60767450928688 264.8305626064539 139.42235396802425 89.370928764343262 1481.5408966094255 276.88904190063477
leaf_count=1833 6150 2244 8686 6743 2040 4681 7317 87 1985 1076 611 377 6887 1289
internal_value=-0.00015824 0.0187601 -0.027609 0.00911701 0.0377177 -0.0162957 -0.042882 0.00266634 0.0316828 0.0360733 0.0504561 0.0170941 0.00483374 -0.00438856
internal_weight=9729.05 5759.66 3969.39 3817.72 1941.94 2280.29 1689.1 2110.81 1317.67 758.438 624.262 1706.91 1777.14 295.603
internal_count=52006 25172 26834 17216 7956 13367 13467 10096 5305 3061 2651 7120 8263 1376
is_linear=0
shrinkage=0.05


Tree=18
num_leaves=15
num_cat=1
split_feature=11 11 11 10 11 11 10 10 11 11 12 11 7 10
split_gain=1849.39 407.757 233.778 79.4079 57.1969 27.4944 22.4737 21.433 15.619 14.801 13.681 12.7364 11.8901 11.628
threshold=0.037776379701636997 0.20304933617663737 0.011850876599225296 3.5000000000000004 0.44189301962144439 0.0052808137100124582 6.5000000000000009 6.5000000000000009 0.2931505460503025 0.089317665454783049 0 0.019879877077924355 43.410000000000011 1.5000000000000002
decision_type=2 2 2 2 2 2 2 2 2 2 1 2 10 2
left_child=2 3 5 10 8 -1 -4 9 13 -5 -2 -8 -12 -3
right_child=1 4 6 7 -6 -7 11 -9 -10 -11 12 -13 -14 -15
leaf_value=-0.049357440322934987 0.008610784700874969 0.01455279907127055 -0.010488350602841173 0.0010384666821554175 0.050238515587201271 -0.036298319717747621 -0.025995298718900658 -0.012713364408538678 0.036499986913848384 0.010505151752931754 0.01972790915387837 -0.01569986846952982 -0.042525534823687622 0.029299141858865764
leaf_weight=704.06851842999458 489.34641742706299 172.82561625540257 865.23753447830677 1524.4354783296585 517.65749976038933 942.70581343024969 625.80677878856659 222.72361516952515 651.5026243776083 566.26171314716339 1196.0231222063303 577.70777474343777 7.7195754945278159 590.25823327898979
leaf_count=6150 2051 692 4925 7289 2243 7380 4112 1194 2653 2450 4998 3468 33 2368
internal_value=-0.000157496 0.0171521 -0.0278245 0.00805357 0.0360179 -0.0418817 -0.0166346 0.0020317 0.0308139 0.0036025 0.0162818 -0.0210533 0.0191694 0.0259593
internal_weight=9654.28 5938.75 3715.53 4006.51 1932.24 1646.77 2068.75 2313.42 1414.59 2090.7 1693.09 1203.51 1203.74 763.084
internal_count=52006 25971 26035 18015 7956 13530 12505 10933 5713 9739 7082 7580 5031 3060
cat_boundaries=0 1
cat_threshold=74
is_linear=0
shrinkage=0.05


Tree=19
num_leaves=15
num_cat=1
split_feature=10 11 11 11 11 11 11 11 8 2 12 7 2 4
split_gain=1691.47 353.345 254.309 77.2618 44.0067 35.3465 26.5444 16.9502 13.1998 12.6767 11.7521 11.4876 10.8184 10.7657
threshold=5.5000000000000009 0.22769708558020688 0.011850876599225296 0.097940507294933241 0.48486198043646878 0.0305290530726431 0.0052808137100124582 0.032826952204840297 19.500000000000004 18.500000000000004 0 40.345000000000006 114.50000000000001 2.7083333333333335
decision_type=2 2 2 2 2 2 2 2 2 10 1 10 10 10
left_child=1 3 6 7 11 -4 -2 -1 9 -5 -11 -3 -7 -9
right_child=2 4 5 8 -6 12 -8 13 -10 10 -12 -13 -14 -15
leaf_value=-0.0086007867683079164 -0.048684442523220996 0.034428424351890967 -0.020124507328243765 0.022232390348842789 0.050529684614871964 -0.0058593792603107847 -0.035621690044638492 -0.0036310662043842058 0.0045839444485336507 0.020488544560796212 0.0085796955590130286 0.023268210229193551 -0.028869800496547512 0.0061282086313687555
leaf_weight=299.23422763496637 678.75517196953297 949.45304782688618 1354.981168165803 807.17219837009907 413.37431810796261 830.20476377010345 910.71735692769289 350.21302555501461 218.01805032789707 382.66494868695736 563.59749150276184 304.54123389720917 54.429366856813431 1463.358263745904
leaf_count=1674 6150 3865 8686 3329 1835 4388 7317 1630 907 1576 2328 1236 293 6792
internal_value=-0.000156008 0.0169857 -0.0259044 0.00906741 0.0363819 -0.0150491 -0.0411999 0.00242449 0.0161866 0.0176293 0.0137028 0.0317181 -0.00727515 0.00424363
internal_weight=9580.71 5751.63 3829.09 4084.26 1667.37 2239.62 1589.47 2112.81 1971.45 1753.43 946.262 1253.99 884.634 1813.57
internal_count=52006 25172 26834 18236 6936 13367 13467 10096 8140 7233 3904 5101 4681 8422
cat_boundaries=0 1
cat_threshold=645
is_linear=0
shrinkage=0.05


Tree=20
num_leaves=15
num_cat=1
split_feature=11 10 11 11 11 11 11 11 2 12 11 4 2 7
split_gain=1548.14 349.271 213.867 76.6817 45.0957 25.9419 20.5711 19.6545 19.6149 18.1055 17.8149 16.0003 14.5906 10.5036
threshold=0.037109707622361328 2.5000000000000004 0.010430180350371404 0.34263678417970328 0.072793502892965892 0.019879877077924355 0.0044997917884302642 0.61404714246845693 14.500000000000002 0 0.13120921089341811 2.4500000000000006 173.50000000000003 40.722500000000018
decision_type=2 2 2 2 2 2 2 2 10 1 2 8 10 10
left_child=2 3 6 8 9 -4 -1 -5 13 -3 11 -6 -11 -2
right_child=1 4 5 7 10 -7 -8 -9 -10 12 -12 -13 -14 -15
leaf_value=-0.049435634560942597 0.033812443843820449 0.0057714425238134396 -0.022581130460938976 0.038529123710607009 -0.0066074768574264035 -0.011529294831641078 -0.036888319441700575 0.059420551143546212 0.018897922237084589 -0.0043027376792741136 0.017335249428416553 0.0093340601601046898 -0.047057526764201267 0.015697158730696464
leaf_weight=523.46709609031677 460.60484051704407 610.76887652277946 957.319649502635 765.97766421735287 182.42522373795509 1192.2490077316761 868.84996979683638 131.97899883985519 970.92291350662708 946.42249581217766 633.48401665687561 1147.4295119345188 20.384368255734444 96.841389462351799
leaf_count=4920 1871 2973 6560 3262 796 6970 7380 611 3939 4627 2586 5014 103 394
internal_value=-0.000153153 0.0153899 -0.0263395 0.0300032 0.00537649 -0.0164513 -0.0416057 0.0415997 0.0231899 -0.000918316 0.0104345 0.00714725 -0.00515091 0.0306654
internal_weight=9509.13 5967.24 3541.89 2426.33 3540.91 2149.57 1392.32 897.957 1528.37 1577.58 1963.34 1329.85 966.807 557.446
internal_count=52006 26176 25830 10077 16099 13530 12300 3873 6204 7703 8396 5810 4730 2265
cat_boundaries=0 1
cat_threshold=1348
is_linear=0
shrinkage=0.05


Tree=21
num_leaves=15
num_cat=1
split_feature=10 11 11 10 11 11 11 11 12 0 10 11 7 2
split_gain=1420.49 298.076 234.291 73.3215 33.0705 30.0857 26.6941 15.3734 14.4582 14.4484 10.9179 13.1626 10.6375 10.4042
threshold=5.5000000000000009 0.25171616565564486 0.011850876599225296 3.5000000000000004 0.48486198043646878 0.02691706453873392 0.0052808137100124582 0.044422877825827073 0 2.5000000000000004 1.5000000000000002 0.37618297076879176 42.210000000000015 116.50000000000001
decision_type=2 2 2 2 2 2 2 2 1 2 2 2 10 10
left_child=1 3 6 8 10 -4 -2 -5 12 -10 11 -3 -1 -7
right_child=2 4 5 7 -6 13 -8 -9 9 -11 -12 -13 -14 -15
leaf_value=0.019800702189814529 -0.047383518841506336 0.020574384316057976 -0.01955028730401202 -0.0048461923051797123 0.047317202584197332 -0.0065960449728694834 -0.033864840085954577 0.0047769176246016051 0.04283980244983409 0.0090209823607149634 0.03779966441344576 0.03430092916732537 -0.0067204458232938196 -0.027360335243006552
leaf_weight=1216.4793844223022 631.32801778614521 381.40048794448376 1144.920598089695 566.396953381598 400.23751391470432 994.20314890146255 866.14534638077021 1552.9717168807983 32.744833335280418 889.52788124978542 337.45475545525551 322.17042475938797 39.021632730960846 64.224666222929955
leaf_count=5017 6150 1545 7620 3015 1835 5389 7317 7053 135 3669 1389 1351 163 358
internal_value=-0.000151251 0.0154254 -0.0243041 0.00882578 0.0351023 -0.0139327 -0.0395643 0.00220516 0.0152689 0.0101121 0.0304061 0.0268599 0.0188265 -0.00785601
internal_weight=9439.23 5738.41 3700.82 4297.14 1441.26 2203.35 1497.47 2119.37 2177.77 922.273 1041.03 703.571 1255.5 1058.43
internal_count=52006 25172 26834 19052 6120 13367 13467 10068 8984 3804 4285 2896 5180 5747
cat_boundaries=0 1
cat_threshold=1829
is_linear=0
shrinkage=0.05


Tree=22
num_leaves=15
num_cat=1
split_feature=11 10 11 11 11 11 11 10 2 11 4 12 2 7
split_gain=1299.85 336.055 153.178 68.2745 50.6761 20.0102 18.7718 18.1423 17.57 15.0616 14.4599 14.3893 11.6685 10.9003
threshold=0.0305290530726431 2.5000000000000004 0.010022700612961356 0.33028872132397391 0.072793502892965892 0.61404714246845693 0.0044997917884302642 6.5000000000000009 14.500000000000002 0.13120921089341811 2.4500000000000006 0 114.50000000000001 38.745000000000012
decision_type=2 2 2 2 2 2 2 2 10 2 8 1 10 10
left_child=2 3 6 8 11 13 -1 -4 -2 10 -6 -3 -13 -5
right_child=1 4 7 5 9 -7 -8 -9 -10 -11 -12 12 -14 -15
leaf_value=-0.048225132755908708 0.027925791703385827 0.0042366196921069695 -0.010366673335885748 0.043104080193327891 -0.0067207107011817632 0.056504073178894366 -0.035685627311930972 -0.021212771232648697 0.016601751948963725 0.015706776508143915 0.008427339684930351 -0.0036446327467120725 -0.022368167292707779 0.030850202504250707
leaf_weight=485.95760107040405 538.6446820795536 634.18267600238323 573.73484645783901 278.16900447010994 182.48402234911919 126.5774889588356 773.54927626997232 1175.5002696365118 940.84884439408779 635.85345152020454 1152.5266341120005 1261.4724231660366 89.087379112839699 522.11309376358986
leaf_count=4920 2187 3145 3532 1208 796 611 6970 8153 3814 2586 5014 6345 467 2258
internal_value=-0.000149346 0.0126571 -0.0272284 0.0273906 0.00369409 0.0380313 -0.0405238 -0.0176553 0.0207245 0.00937331 0.00635674 -0.00194543 -0.00484383 0.0351095
internal_weight=9370.7 6361.96 3008.74 2406.35 3955.61 926.86 1259.51 1749.24 1479.49 1970.86 1335.01 1984.74 1350.56 800.282
internal_count=52006 28431 23575 10078 18353 4077 11890 11685 6001 8396 5810 9957 6812 3466
cat_boundaries=0 1
cat_threshold=1284
is_linear=0
shrinkage=0.05


Tree=23
num_leaves=15
num_cat=1
split_feature=10 11 11 11 11 11 11 12 11 2 10 7 6 2
split_gain=1190.88 253.598 215.67 64.728 27.131 26.7272 25.2584 13.4877 12.9744 13.5891 11.5238 11.5427 10.5959 9.96568
threshold=5.5000000000000009 0.26365760724187204 0.011850876599225296 0.11449473098711323 0.48486198043646878 0.0055654864713842464 0.02691706453873392 0 0.032826952204840297 160.50000000000003 1.5000000000000002 38.990000000000016 4.8450000000000006 14.500000000000002
decision_type=2 2 2 2 2 2 2 1 2 10 2 8 10 10
left_child=1 3 5 8 10 -2 -4 12 -1 -10 11 -3 -5 -9
right_child=2 4 6 7 -6 -7 -8 13 9 -11 -12 -13 -14 -15
leaf_value=-0.0069339210172437854 -0.045631650847746091 0.035772994569931771 -0.018091834455612167 0.020823242892727474 0.044391818973809033 -0.031794609575218069 -0.0072951417320330269 0.017501230933318512 0.0050494978298162504 -0.015314128160837569 0.037595262774021365 0.021109284182202599 -0.016438012064473411 0.0072488141913748918
leaf_weight=293.36807013303041 629.69043342769146 185.63738745450974 1117.2652765959501 869.7358031719923 386.92842702567577 782.85834382474422 1051.5570680201054 372.11967407166958 2114.1043832600117 85.228307113051414 258.76785063743591 484.36026211082935 19.507188990712166 652.88953456282616
leaf_count=1674 6558 775 7620 3516 1835 6909 5747 1509 9637 396 1087 2015 79 2649
internal_value=-0.000147018 0.0140042 -0.0227592 0.00825311 0.0332678 -0.0379629 -0.012857 0.015168 0.0029429 0.00426037 0.0286334 0.0251722 0.0197834 0.0108649
internal_weight=9304.02 5722.65 3581.37 4406.95 1315.69 1412.55 2168.82 1914.25 2492.7 2199.33 928.766 669.998 889.243 1025.01
internal_count=52006 25172 26834 19460 5712 13467 13367 7753 11707 10033 3877 2790 3595 4158
cat_boundaries=0 1
cat_threshold=805
is_linear=0
shrinkage=0.05


Tree=24
num_leaves=15
num_cat=2
split_feature=11 11 11 11 10 11 11 10 12 11 2 12 10 7
split_gain=1091.75 281.418 143.999 59.158 44.9723 18.9911 18.5236 16.3193 11.4276 11.4185 11.2348 10.6513 8.87751 8.73726
threshold=0.0305290530726431 0.16474010437206152 0.010022700612961356 0.34263678417970328 4.5000000000000009 0.0044997917884302642 0.61404714246845693 6.5000000000000009 0 0.20304933617663737 242.50000000000003 1 7.5000000000000009 38.745000000000012
decision_type=2 2 2 2 2 2 2 2 1 2 10 1 2 10
left_child=2 4 5 8 10 -1 13 -4 -3 -10 11 -2 -7 -5
right_child=1 3 7 6 -6 12 -8 -9 9 -11 -12 -13 -14 -15
leaf_value=-0.047050081059905983 0.0035499812376216262 0.023379227811844306 -0.0093577456810367728 0.040242829069811775 -0.0027235386419377349 -0.020586308621045678 0.053877727995968454 -0.01973719939923672 0.0043363611679446438 0.018373726782138805 -0.026970422731143685 0.01081533109526521 -0.036268082592972678 0.028808259569470168
leaf_weight=451.36397570371628 809.01911255717278 810.20920422673225 565.91315115243196 255.98738747835159 1695.2844870984554 105.38704304397106 121.1477912068367 1144.7211678624153 217.38364993035793 434.29084873199463 22.76510114967823 1496.0233213156462 628.27309720218182 480.91058625280857
leaf_count=4920 3483 3281 3532 1141 8607 971 611 8153 878 1758 100 6449 5999 2123
internal_value=-0.000144631 0.0114686 -0.0255837 0.0253374 0.00347108 -0.0389802 0.0357592 -0.0163035 0.0192204 0.0134843 0.00798247 0.00832767 -0.0340155 0.0327805
internal_weight=9238.68 6343.02 2895.66 2319.93 4023.09 1185.02 858.046 1710.63 1461.88 651.674 2327.81 2305.04 733.66 736.898
internal_count=52006 28431 23575 9792 18639 11890 3875 11685 5917 2636 10032 9932 6970 3264
cat_boundaries=0 1 2
cat_threshold=821 58
is_linear=0
shrinkage=0.05


Tree=25
num_leaves=15
num_cat=2
split_feature=11 10 11 11 11 11 11 2 12 7 11 12 11 4
split_gain=999.747 258.375 139.227 57.9706 38.707 19.0389 15.4149 15.21 14.9921 12.7423 12.558 12.5525 11.3105 13.0928
threshold=0.0305290530726431 2.5000000000000004 0.010022700612961356 0.41639605593405632 0.072793502892965892 0.0044997917884302642 0.0145773010514721 15.500000000000002 0 40.222500000000011 0.61404714246845693 1 0.13120921089341811 2.4500000000000006
decision_type=2 2 2 2 2 2 2 10 1 10 2 1 2 8
left_child=2 3 5 7 11 -1 -4 -2 -9 -10 -5 -3 13 -6
right_child=1 4 6 10 12 -7 -8 8 9 -11 -12 -13 -14 -15
leaf_value=-0.046457159086748079 0.024911184233908458 0.0039235691613322401 -0.023376787985112488 0.034161738912803399 -0.0070037391239965276 -0.03318768169729238 -0.01270803195641 0.021946645971527283 0.013731085787652664 -0.0043603735926904591 0.052517698348455433 -0.004556489877193177 0.013522756109595828 0.0073995272920878534
leaf_weight=434.69243735074997 777.47683970630169 635.46868002414703 467.93043185770512 440.85678924620152 182.66879962384701 714.85747410356998 1224.7484226077795 497.17236730456352 411.66805540025234 127.46414698660374 118.14753103256226 1346.1268690824509 638.46623092889786 1157.9504344016314
leaf_count=4920 3189 3145 3690 2040 796 6970 7995 2035 1683 520 611 6812 2586 5014
internal_value=-0.00014005 0.0109161 -0.024777 0.0239637 0.00309949 -0.0382054 -0.0156573 0.019625 0.0156591 0.00928166 0.0380413 -0.00184025 0.00804551 0.00543698
internal_weight=9175.7 6333.47 2842.23 2372.79 3960.68 1149.55 1692.68 1813.78 1036.3 539.132 559.004 1981.6 1979.09 1340.62
internal_count=52006 28431 23575 10078 18353 11890 11685 7427 4238 2203 2651 9957 8396 5810
cat_boundaries=0 1 2
cat_threshold=789 1284
is_linear=0
shrinkage=0.05


Tree=26
num_leaves=15
num_cat=1
split_feature=10 11 11 10 11 11 11 0 12 10 7 11 6 11
split_gain=916.359 199.778 189.339 47.0245 26.1076 24.3564 18.6104 13.2779 13.1595 11.443 10.4126 10.3975 9.28085 8.50893
threshold=5.5000000000000009 0.26365760724187204 0.010022700612961356 3.5000000000000004 0.020638160249435353 0.48486198043646878 0.0044997917884302642 2.5000000000000004 0 1.5000000000000002 38.990000000000016 0.089317665454783049 5.0050000000000008 0.049310766668641696
decision_type=2 2 2 2 2 2 2 2 1 2 8 2 10 2
left_child=1 3 6 7 -4 9 -2 -1 12 10 -3 -5 -9 -6
right_child=2 5 4 11 13 -7 -8 8 -10 -11 -12 -13 -14 -15
leaf_value=0.028462695939354216 -0.045867460352860087 0.031872570504110631 -0.018947763176868842 -0.00035682770841140971 -0.010234252098861805 0.04041823643355355 -0.032516059370766869 0.015252523830282859 0.0064823794152753106 0.034187570851993275 0.01781450779524988 0.0075784949470696908 -0.019543308533611168 -0.00093000224911972548
leaf_weight=117.24097867310047 418.67449074983597 181.93243816494942 922.2549748942256 1560.1821570545435 1067.3149797618389 367.11046200990677 693.03896077722311 1217.6753539443016 938.09546756744385 253.89363220334053 477.23317396640778 561.31231632828712 19.469851016998291 319.22054095566273
leaf_count=479 4920 775 6921 7681 6462 1835 6937 4987 3845 1087 2015 2388 80 1594
internal_value=-0.000136335 0.0121512 -0.0205915 0.00710747 -0.0124285 0.0295416 -0.0375442 0.0120721 0.0111887 0.0251685 0.0216946 0.00174273 0.014587 -0.00809214
internal_weight=9114.65 5694.15 3420.5 4413.98 2308.79 1280.17 1111.71 2292.48 2175.24 913.059 659.166 2121.49 1237.15 1386.54
internal_count=52006 25172 26834 19460 14977 5712 11857 9391 8912 3877 2790 10069 5067 8056
cat_boundaries=0 1
cat_threshold=1829
is_linear=0
shrinkage=0.05


Tree=27
num_leaves=15
num_cat=1
split_feature=11 11 11 10 11 11 10 7 8 2 6 5 7 12
split_gain=840.535 216.829 129.658 51.671 32.2358 26.7403 15.8311 12.3752 12.2069 11.6071 10.1698 9.89356 10.8091 9.49437
threshold=0.0305290530726431 0.22769708558020688 0.0075275337653848114 3.5000000000000004 0.48486198043646878 0.0145773010514721 5.5000000000000009 43.410000000000011 19.500000000000004 93.500000000000014 0.26125000000000004 1.0000000180025095e-35 40.010000000000012 0
decision_type=2 2 2 2 2 2 2 10 2 10 8 10 10 1
left_child=2 3 -1 7 11 -4 -5 8 9 -2 -8 12 -3 -10
right_child=1 4 5 6 -6 -7 10 -9 13 -11 -12 -13 -14 -15
leaf_value=-0.040151594852867456 0.013668713374910666 0.019717220071443709 -0.023769912825497942 0.002706050799717025 0.039123897226758929 -0.011671438541492354 -0.050615586141776484 -0.042519572522346394 -0.0098275620945396536 -0.00062232453396659972 -0.004808461036975231 0.025273581058486906 -0.0009716508884726853 0.010014781791184167
leaf_weight=802.07711385935545 1599.9354556649923 323.36437901854515 735.11990819871426 1884.0429181754589 360.46399495005608 1205.9394173175097 12.290952205657957 10.858291894197462 112.4525191783905 155.92751726508141 854.87309567630291 810.42442229390144 78.448793277144432 108.75111977756023
leaf_count=9225 6553 1376 6355 8661 1835 7995 66 46 465 641 4615 3396 329 448
internal_value=-0.000133296 0.0099094 -0.0232411 0.00457083 0.0259965 -0.0162534 0.000132879 0.0107128 0.0110051 0.0123996 -0.00545772 0.022093 0.015678 -6.39374e-05
internal_weight=9054.97 6311.83 2743.14 4739.13 1572.7 1941.06 2751.21 1987.92 1977.07 1755.86 867.164 1212.24 401.813 221.204
internal_count=52006 28431 23575 21495 6936 14350 13342 8153 8107 7194 4681 5101 1705 913
cat_boundaries=0 1
cat_threshold=603
is_linear=0
shrinkage=0.05


Tree=28
num_leaves=15
num_cat=1
split_feature=11 11 11 10 11 11 10 0 1 3 11 6 7 12
split_gain=768.997 199.315 125.46 57.3455 25.1655 23.6171 14.3018 11.324 12.5149 10.2169 9.48279 9.47894 9.43824 9.36683
threshold=0.0305290530726431 0.26365760724187204 0.0075275337653848114 3.5000000000000004 0.0145773010514721 0.59371655968715387 5.5000000000000009 2.5000000000000004 54.750000000000007 1.5000000000000002 0.0041443290647105073 0.26125000000000004 41.490000000000016 0
decision_type=2 2 2 2 2 2 2 2 8 8 2 8 10 1
left_child=2 3 10 7 -4 9 -5 -2 -9 12 -1 -8 -3 -11
right_child=1 5 4 6 -6 -7 11 8 -10 13 -12 -13 -14 -15
leaf_value=-0.045675425894858769 0.025956751637454006 0.019114447548551669 -0.022988252697201433 0.0025654697557534129 -0.011171398193763884 0.04580551467455303 -0.049366697657186903 0.0034200619300147755 0.012194198632470316 0.033105357108222704 -0.03454274541441698 -0.0045793820682629776 -0.032660036389433551 0.018546626115158792
leaf_weight=341.41046527773142 117.39189222455025 352.70559847354889 722.43849811702967 1886.284561380744 1197.1518715620041 150.84807962179184 11.97975869476795 540.75815995037556 1635.728741183877 451.08718203008175 435.00408529490232 852.80954268574715 9.0276644527912122 293.0476580709219
leaf_count=4305 478 1583 6355 8663 7995 815 66 2214 6683 1994 4920 4615 40 1280
internal_value=-0.000130566 0.00943035 -0.0224784 0.0049922 -0.0156187 0.0272469 0.000124484 0.0108301 0.0100142 0.0247153 -0.0394381 -0.00519981 0.0178223 0.0280661
internal_weight=8997.67 6301.67 2696 5044.95 1919.59 1256.72 2751.07 2293.88 2176.49 1105.87 776.415 864.789 361.733 744.135
internal_count=52006 28431 23575 22719 14350 5712 13344 9375 8897 4897 9225 4681 1623 3274
cat_boundaries=0 1
cat_threshold=853
is_linear=0
shrinkage=0.05


Tree=29
num_leaves=15
num_cat=2
split_feature=10 10 11 11 11 11 11 7 4 12 2 12 3 11
split_gain=707.47 195.633 111.229 47.6692 32.4646 16.1713 15.2358 14.1833 13.4337 13.7656 12.6742 12.8703 12.4304 12.217
threshold=6.5000000000000009 2.5000000000000004 0.0086056149390567414 0.41639605593405632 0.038415141303938603 0.019879877077924355 0.13120921089341811 40.710000000000015 2.4500000000000006 0 15.500000000000002 1 1.5000000000000002 0.0041443290647105073
decision_type=2 2 2 2 2 2 2 10 8 1 10 1 10 2
left_child=1 3 13 7 -3 -4 8 10 9 12 -1 -12 -6 -2
right_child=2 4 5 -5 6 -7 -8 -9 -10 -11 11 -13 -14 -15
leaf_value=0.023661713287772373 -0.045096964588605931 -0.0064447007839197922 -0.01994698635559785 0.033334409287007455 -0.015873550514369512 -0.0098290276945975589 0.011237612269261399 0.0066581628765782462 0.003919531065984738 -0.01788271638778003 0.021164472207774305 0.0081958460959772432 0.013633118765898953 -0.032834436716453072
leaf_weight=631.91290467977524 328.17694033682346 890.48289442807436 838.92412637174129 527.52589555084705 54.692978575825691 746.14638060331345 640.61241255700588 317.81206814944744 2337.5237792283297 142.5744264870882 378.52146242558956 471.95727556943893 102.74628247320652 533.00371581315994
leaf_count=2619 4298 5508 6912 2651 245 4662 2586 1304 10615 647 1565 1939 461 5994
internal_value=-0.000124854 0.00850507 -0.0230428 0.0201165 0.00202133 -0.0151841 0.00432106 0.0162432 0.00264115 -0.00731922 0.0182982 0.014313 0.00318074 -0.0375074
internal_weight=8942.61 6496.36 2446.25 2327.73 4168.63 1585.07 3278.15 1800.2 2637.54 300.014 1482.39 850.479 157.439 861.181
internal_count=52006 30140 21866 10078 20062 11574 14554 7427 11968 1353 6123 3504 706 10292
cat_boundaries=0 1 2
cat_threshold=1797 789
is_linear=0
shrinkage=0.05


Tree=30
num_leaves=15
num_cat=1
split_feature=10 11 11 11 11 11 11 8 12 4 2 7 10 11
split_gain=647.674 178.671 107.391 43.6056 29.9744 16.7863 15.1305 12.468 12.4554 22.0894 16.058 13.6743 12.3063 12.2469
threshold=6.5000000000000009 0.16474010437206152 0.0086056149390567414 0.34263678417970328 0.038415141303938603 0.61404714246845693 0.019879877077924355 24.500000000000004 0 2.2250000000000005 55.500000000000007 39.945000000000014 2.5000000000000004 0.0041443290647105073
decision_type=2 2 2 2 2 2 2 2 1 8 8 10 2 2
left_child=1 4 13 -3 -1 -5 -4 8 9 -6 11 12 -10 -2
right_child=2 3 6 5 7 -7 -8 -9 10 -11 -12 -13 -14 -15
leaf_value=-0.0061222648139718019 -0.044533346850077121 0.014309316643499895 -0.019228683132127344 0.026020568133691427 -0.020672416871116345 0.047385753920429201 -0.0093936314348486202 -0.0078789806085857866 0.031901810203777296 0.0029726335081717435 -0.0018780100752439337 0.0049515584910952912 0.011817823076056874 -0.032048891995309296
leaf_weight=887.61634442210197 316.02305245399475 1449.4911834001541 827.0577881783247 694.50922538340092 110.77815574407578 105.96207647025585 741.80734544992447 200.42872267961502 84.873623371124268 911.52241913974285 397.53566353023052 889.79117847979069 752.64669346809387 519.12137353420258
leaf_count=5510 4298 5917 6912 3264 489 611 4662 902 344 4068 1771 3923 3341 5994
internal_value=-0.000121582 0.00809565 -0.0222887 0.019482 0.00204659 0.0288488 -0.0145784 0.00421258 0.00498264 0.000406442 0.00714878 0.00926765 0.0138531 -0.0367731
internal_weight=8889.16 6485.16 2404.01 2249.96 4235.19 800.471 1568.87 3347.58 3147.15 1022.3 2124.85 1727.31 837.52 835.144
internal_count=52006 30140 21866 9792 20348 3875 11574 14838 13936 4557 9379 7608 3685 10292
cat_boundaries=0 1
cat_threshold=184
is_linear=0
shrinkage=0.05


Tree=31
num_leaves=15
num_cat=1
split_feature=10 11 11 11 11 11 8 2 12 0 4 11 10 7
split_gain=592.72 164.67 103.532 50.12 21.8949 14.5078 13.1744 12.7828 12.4296 14.026 13.0391 12.2619 10.7924 11.0344
threshold=6.5000000000000009 0.26365760724187204 0.0086056149390567414 0.071529914310836204 0.61404714246845693 0.0145773010514721 24.500000000000004 164.50000000000003 0 2.5000000000000004 9.5500000000000025 0.0041443290647105073 4.5000000000000009 39.190000000000012
decision_type=2 2 2 2 2 2 2 10 1 2 10 2 2 10
left_child=1 3 11 6 -3 -4 7 -1 10 -10 12 -2 -5 -14
right_child=2 4 5 8 -6 -7 -8 -9 9 -11 -12 -13 13 -15
leaf_value=-3.0209449654713978e-05 -0.043968749785079517 0.022192709948314036 -0.02104129152356711 0.012938368474938195 0.046262439656745036 -0.010679634214515189 -0.014874739042975101 -0.02184303829350048 0.030044821759029089 0.0045727654430868445 0.073385041393739942 -0.031267695502711378 -0.030126354681945584 0.0069465948010758796
leaf_weight=1915.4768904000521 304.3734884262085 1120.5708600431681 496.53972773253918 1108.6711350530386 103.179452881217 1056.8267571628094 181.32051903754473 69.605620883405209 55.699162438511848 1818.3994977176189 8.5916403979063016 505.82833062112331 29.414983928203583 63.187008783221245
leaf_count=10219 4298 5101 4520 4549 611 7054 1011 380 230 7580 36 5994 135 288
internal_value=-0.000118882 0.00770495 -0.0215494 0.00385514 0.0242221 -0.0139918 -0.00197348 -0.000795062 0.00794959 0.00530152 0.0119092 -0.0360392 0.0115687 -0.00482961
internal_weight=8837.69 6474.12 2363.57 5250.37 1223.75 1553.37 2166.4 1985.08 3083.96 1874.1 1209.86 810.202 1201.27 92.602
internal_count=52006 30140 21866 24428 5712 11574 11610 10599 12818 7810 5008 10292 4972 423
cat_boundaries=0 1
cat_threshold=773
is_linear=0
shrinkage=0.05


Tree=32
num_leaves=15
num_cat=0
split_feature=11 11 11 11 11 11 2 4 10 5 2 7 10 3
split_gain=543.625 143.306 108.324 39.8833 21.106 19.7876 13.029 12.1052 9.67866 9.58995 11.0557 9.81516 10.1625 10.4723
threshold=0.0305290530726431 0.26365760724187204 0.0075275337653848114 0.11449473098711323 0.61404714246845693 0.014277908558726989 117.50000000000001 2.9000000000000004 4.5000000000000009 6.5000000000000009 10.500000000000002 39.390000000000015 1.5000000000000002 1.5000000000000002
decision_type=2 2 2 2 2 2 10 10 2 8 10 10 2 10
left_child=2 3 -1 6 9 -4 8 -8 -2 11 -11 -3 13 -13
right_child=1 4 5 -5 -6 -7 7 -9 -10 10 -12 12 -14 -15
leaf_value=-0.036647334295736751 0.0044392823497022404 0.032261613467704113 -0.02036831684800311 0.0097486143289895501 0.045170439724542572 -0.0095375193686178736 -0.037796821652158571 -0.0057992401960266548 -0.0013034953912109497 0.028120951121639811 0.01065292640703986 -0.0012241172928061234 0.034540976049892057 0.020728106942332559
leaf_weight=685.34936152398586 1379.5824877619743 275.89215643703938 652.45260376483202 1921.7707482874393 100.45976945757866 1192.4185847193003 37.51863032579422 139.31375369429588 1567.1016425043344 126.16224350035191 321.18240177631378 71.458914399147034 91.180000320076942 226.6249642521143
leaf_count=9225 6068 1261 6150 7754 611 8200 186 694 8017 594 1493 329 404 1020
internal_value=-0.000116141 0.00779093 -0.0196735 0.00408109 0.023222 -0.0133679 0.000594089 -0.0125882 0.00138517 0.02124 0.0155793 0.0250471 0.0199337 0.0154656
internal_weight=8788.47 6258.25 2530.22 5045.29 1212.96 1844.87 3123.52 176.832 2946.68 1112.5 447.345 665.156 389.264 298.084
internal_count=52006 28431 23575 22719 5712 14350 14965 880 14085 5101 2087 3014 1753 1349
is_linear=0
shrinkage=0.05


Tree=33
num_leaves=15
num_cat=1
split_feature=10 11 11 11 11 11 11 8 2 10 11 12 4 0
split_gain=500.315 137.639 95.1555 38.3746 22.681 12.5619 12.5618 11.9645 11.8619 11.4541 10.69 10.4504 11.7348 11.6345
threshold=6.5000000000000009 0.25171616565564486 0.0086056149390567414 0.071529914310836204 0.48486198043646878 0.0041443290647105073 0.019879877077924355 24.500000000000004 53.500000000000007 1.5000000000000002 0.2931505460503025 0 9.5500000000000025 2.5000000000000004
decision_type=2 2 2 2 2 2 2 2 8 2 2 1 10 2
left_child=1 3 5 7 9 -2 -4 8 -1 10 -3 12 -5 -13
right_child=2 4 6 11 -6 -7 -8 -9 -10 -11 -12 13 -14 -15
leaf_value=0.0011403330566236657 -0.042922751560433021 -0.0005298131564946308 -0.017320488325518482 0.010362512941751592 0.032935328701761662 -0.029657871113053676 -0.0082407097040094121 -0.014095387755524384 -0.0091432382047667016 0.02553784088363675 0.016760136852894569 0.027519295108281019 0.068753362810388893 0.0038820423290036182
leaf_weight=1642.3008476421237 284.16530936956406 106.63146501779556 796.27670456469059 1160.3532390743494 326.75547583401203 479.88843459635973 730.27891765534878 179.537099853158 338.15880263596773 316.3752673715353 553.16711746156216 53.641502574086189 8.6688227802515012 1764.1625908017159
leaf_count=8765 4298 436 6912 4800 1835 5994 4662 1011 1834 1389 2460 221 36 7353
internal_value=-0.000113081 0.00701596 -0.0201866 0.00334093 0.021533 -0.0345913 -0.0129769 -0.00173599 -0.000615562 0.0177163 0.0139659 0.00701243 0.0107039 0.0045545
internal_weight=8740.36 6449.75 2290.61 5146.82 1302.93 764.054 1526.56 2160 1980.46 976.174 659.799 2986.83 1169.02 1817.8
internal_count=52006 30140 21866 24020 6120 10292 11574 11610 10599 4285 2896 12410 4836 7574
cat_boundaries=0 1
cat_threshold=773
is_linear=0
shrinkage=0.05


Tree=34
num_leaves=15
num_cat=1
split_feature=10 10 11 11 11 7 11 6 11 0 4 12 11 10
split_gain=457.447 127.535 91.342 37.3256 20.5929 13.7839 12.523 11.9945 11.9394 11.657 13.4134 10.6115 10.9787 14.2058
threshold=6.5000000000000009 2.5000000000000004 0.0086056149390567414 0.44189301962144439 0.038415141303938603 40.645000000000017 0.0041443290647105073 4.205000000000001 0.0145773010514721 4.5000000000000009 2.6333333333333337 0 0.28366449056283782 1.5000000000000002
decision_type=2 2 2 2 2 10 2 10 2 2 8 1 2 2
left_child=1 3 6 5 7 11 -2 -3 -4 -6 -11 12 13 -1
right_child=2 4 8 -5 9 -7 -8 -9 -10 10 -12 -13 -14 -15
leaf_value=-0.030512340958207464 -0.042351322086265922 -0.0040614908186529901 -0.019005947511908438 0.029943776196255226 0.0059533079306296087 0.0043071405956572988 -0.028891260559843052 -0.03235468821369928 -0.0094365962703187693 -0.012355515619765294 0.001827474713021502 0.017187296782820001 0.021793930237206566 0.0055280937306643211
leaf_weight=33.163615524768829 273.8618471622467 838.49083406478167 475.23720870912075 405.93329299986362 1829.4810183793306 352.32357129454613 468.28945026546717 39.210896007716656 1037.6810174286366 191.96481592953205 1266.7993977665901 1251.0547080934048 75.167074233293533 155.74779027700424
leaf_count=134 4298 5253 4520 2243 8076 1463 5994 255 7054 840 5638 5276 331 631
internal_value=-0.000110164 0.00667686 -0.0194905 0.0162023 0.00147878 0.0132152 -0.0338582 -0.00532548 -0.0124425 0.00329497 -3.89236e-05 0.0152867 0.00542646 -0.000798846
internal_weight=8694.41 6439.34 2255.07 2273.39 4165.95 1867.46 742.151 877.702 1512.92 3288.25 1458.76 1515.13 264.078 188.911
internal_count=52006 30140 21866 10078 20062 7835 10292 5508 11574 14554 6478 6372 1096 765
cat_boundaries=0 1
cat_threshold=136
is_linear=0
shrinkage=0.05


Tree=35
num_leaves=15
num_cat=2
split_feature=11 11 11 11 10 12 11 10 3 12 6 4 6 6
split_gain=418.356 118.751 83.5647 34.3069 22.2399 13.7234 12.6605 11.4987 12.0431 9.80105 27.7709 13.1289 15.9953 10.6638
threshold=0.026420399406296945 0.16474010437206152 0.0075275337653848114 0.46258001579790081 4.5000000000000009 0 0.014277908558726989 7.5000000000000009 12.500000000000002 1 0.62250000000000016 6.4500000000000011 2.2450000000000006 0.43541666666666673
decision_type=2 2 2 2 2 1 2 2 8 1 8 10 10 10
left_child=2 4 -1 5 -2 -3 -4 -6 -9 10 13 12 -12 -8
right_child=1 3 6 -5 7 -7 9 8 -10 -11 11 -13 -14 -15
leaf_value=-0.034542923036921185 0.0046335558352125824 0.017327946343828598 -0.018358610211611847 0.029871324366460585 -0.0013399125289591121 0.0083266409425457062 0.017855488273306599 -0.016907733028509713 0.052196959975138991 -0.011084017059987586 -0.029502496153246412 0.017892085149331591 0.031015943941373272 0.11649531691310618
leaf_weight=626.59783241897821 2378.3357597440481 913.95514795184135 624.54173415154219 357.55556812882423 1730.4781835377216 923.48790940642357 4.4771014899015409 178.20934498310089 6.5359124988317481 787.70208092033863 53.577483266592026 44.261670961976051 13.712876722216604 7.0618372708559036
leaf_count=9225 10157 3883 6150 2039 8978 3870 32 1103 41 5675 383 321 99 50
internal_value=-0.000106302 0.00624071 -0.0191554 0.015701 0.00140431 0.0129436 -0.0128755 -0.00260578 -0.0144629 -0.00911574 0.00405132 -0.00325783 -0.0171696 0.0782231
internal_weight=8650.49 6488.56 2161.93 2195 4293.56 1837.44 1535.33 1915.22 184.745 910.793 123.091 111.552 67.2904 11.5389
internal_count=52006 30071 21935 9792 20279 7753 12710 10122 1144 6560 885 803 482 82
cat_boundaries=0 1 2
cat_threshold=789 640
is_linear=0
shrinkage=0.05


Tree=36
num_leaves=15
num_cat=1
split_feature=10 11 11 10 11 11 11 12 0 6 11 10 0 0
split_gain=383.92 108.928 83.9948 35.7605 17.1869 14.108 10.8463 10.1385 11.1183 9.63757 9.29919 9.27218 9.21736 8.71156
threshold=6.5000000000000009 0.2931505460503025 0.0075275337653848114 3.5000000000000004 0.61404714246845693 0.0145773010514721 0.043654213006527422 0 2.5000000000000004 4.205000000000001 0.0039066643672709201 11.500000000000002 7.5000000000000009 4.5000000000000009
decision_type=2 2 2 2 2 2 2 1 2 10 2 2 2 2
left_child=1 3 10 7 13 -4 9 -1 -9 12 -2 -7 -5 -3
right_child=2 4 5 6 -6 11 -8 8 -10 -11 -12 -13 -14 -15
leaf_value=0.010429566128605532 -0.041964081629066396 0.022736097752126171 -0.01851880808400971 -0.0020016602305162798 0.041919257429301568 -0.0090075741933128475 0.0018357187730514953 0.030817529101228581 0.00291451610187004 -0.027301110541558583 -0.029180566856534917 0.058756300106727458 -0.018771756819871227 0.012213571360235861
leaf_weight=1437.4438150376081 231.74198985099792 595.66542187333107 563.59959553182125 921.88210348784924 92.389944359660149 1021.1703189760447 1886.8821317106485 36.997358113527298 1018.6878665685654 44.367570899426937 368.43123875558376 5.0731474310159674 89.928971104323864 293.66939152777195
leaf_count=5890 3888 2880 5686 5592 611 7016 8606 151 4166 286 5238 38 553 1405
internal_value=-0.000102932 0.0060654 -0.0181794 0.00329724 0.0213938 -0.0121631 -0.000435233 0.00770332 0.00385588 -0.00449233 -0.0341166 -0.00867259 -0.00349217 0.0192614
internal_weight=8607.93 6417.91 2190.02 5436.19 981.725 1589.84 2943.06 2493.13 1055.69 1056.18 600.173 1026.24 1011.81 889.335
internal_count=52006 30140 21866 25244 4896 12740 15037 10207 4317 6431 9126 7054 6145 4285
cat_boundaries=0 1
cat_threshold=1829
is_linear=0
shrinkage=0.05


Tree=37
num_leaves=15
num_cat=1
split_feature=11 10 11 11 10 7 5 11 2 11 12 10 11 6
split_gain=351.637 103.273 72.3925 31.2125 19.0559 12.7199 10.3971 9.96549 9.95667 9.34132 9.12172 8.54247 8.45559 8.44709
threshold=0.024913302979122937 2.5000000000000004 0.0075275337653848114 0.46258001579790081 4.5000000000000009 40.645000000000017 4.5000000000000009 0.0039066643672709201 14.500000000000002 0.013964549808562756 0 7.5000000000000009 0.65789419084722767 1.1550000000000005
decision_type=2 2 2 2 2 10 8 2 10 2 1 2 2 10
left_child=2 3 7 5 -3 8 9 -1 -2 -4 -10 13 -5 -6
right_child=1 4 6 12 11 -7 -8 -9 10 -11 -12 -13 -14 -15
leaf_value=-0.041424000594357371 0.018931830420941192 0.0040599826698205551 -0.015670016825822846 0.024430391053074704 -0.0058448351043428942 0.0031857892913900753 -0.021897987187000686 -0.028039177841834628 0.015918853888099625 -0.0066433311805699641 0.0058380046326656203 -0.01225395455237626 0.045081078677065199 0.0012205498638008516
leaf_weight=223.87010440975428 565.83239737153053 2321.5080191493034 488.14731169492006 286.81226272881031 687.04789409041405 357.33572205901146 234.3620403856039 367.09634727239609 437.71229489147663 694.20548111945391 536.18803200125694 205.70093083381653 59.926570013165474 1100.8703497946262
leaf_count=3895 2421 9916 4974 1632 3596 1494 1998 5330 1871 5123 2253 1312 407 5784
internal_value=-9.95006e-05 0.00550508 -0.0184092 0.0142057 0.000980879 0.0116845 -0.0122771 -0.0331096 0.0136569 -0.0103701 0.0105922 -0.00260464 0.0279994 -0.00149448
internal_weight=8566.62 6558.93 2007.68 2243.81 4315.13 1897.07 1416.71 590.966 1539.73 1182.35 973.9 1993.62 346.739 1787.92
internal_count=52006 30686 21320 10078 20608 8039 12095 9225 6545 10097 4124 10692 2039 9380
cat_boundaries=0 1
cat_threshold=789
is_linear=0
shrinkage=0.05


Tree=38
num_leaves=15
num_cat=0
split_feature=10 11 11 11 11 7 11 2 3 10 0 4 7 11
split_gain=323.212 110.768 52.4919 34.0109 22.8948 12.2333 11.9503 10.1559 9.5491 8.73593 9.95741 11.8927 9.01401 8.51268
threshold=7.5000000000000009 0.13646491605063624 0.0075275337653848114 0.37618297076879176 0.026420399406296945 39.863333333333337 0.61404714246845693 168.50000000000003 3.5000000000000004 2.5000000000000004 4.5000000000000009 2.6333333333333337 40.063333333333347 0.059004641897742009
decision_type=2 2 2 2 2 8 2 10 8 2 2 8 10 2
left_child=1 4 -2 -3 5 -1 8 9 -5 12 -11 -12 -6 -13
right_child=2 3 -4 6 7 -7 -8 -9 -10 10 11 13 -14 -15
leaf_value=-8.2323087530073675e-05 -0.03371580544209609 0.0094216656207908936 -0.014187697714469481 0.015644683237577586 0.02264306125768949 -0.013229518541501523 0.040017077852191413 -0.013059031761933357 0.030596963621196432 0.0036055902084336181 -0.015166243807399777 -0.0045817478376357331 -0.00077643605062428691 0.0032958186460274961
leaf_weight=281.23951981216669 538.10512894392014 2020.4682815223932 954.58496619015932 362.16419517993927 97.638314455747604 477.09063127636909 87.769593760371208 120.86226733028889 151.42514953017235 1836.3812772929668 151.24345394968987 645.36554841697216 70.938098296523094 731.83572714030743
leaf_count=2222 8708 8365 8283 1871 396 3866 611 600 781 8697 702 3406 290 3208
internal_value=-9.53832e-05 0.0043888 -0.0212275 0.0125285 -0.000447557 -0.00835366 0.0229669 0.00119311 0.0200532 0.00168062 0.00112414 -0.00185725 0.012788 -0.000395661
internal_weight=8527.11 7034.42 1492.69 2621.83 4412.59 758.33 601.359 3654.26 513.589 3533.4 3364.83 1528.44 168.576 1377.2
internal_count=52006 35015 16991 11628 23387 6088 3263 17299 2652 16699 16013 7316 686 6614
is_linear=0
shrinkage=0.05


Tree=39
num_leaves=15
num_cat=2
split_feature=10 11 11 11 11 12 6 4 2 12 7 11 4 4
split_gain=296.236 100.598 50.5938 27.1737 23.8628 11.6679 11.2827 13.4436 9.41123 12.7603 15.0157 11.9271 11.4622 10.7697
threshold=7.5000000000000009 0.16474010437206152 0.0083956093592511792 0.48486198043646878 0.026420399406296945 0 0.55500000000000027 5.366666666666668 56.500000000000007 1 39.722500000000011 0.084378905900434634 2.1000000000000005 8.7750000000000021
decision_type=2 2 2 2 2 1 8 10 8 1 10 2 8 10
left_child=1 4 -2 5 6 -3 7 -1 9 -6 11 13 -10 -11
right_child=2 3 -4 -5 8 -7 -8 -9 12 10 -12 -13 -14 -15
leaf_value=-0.011941460661314627 -0.031782936274488381 0.014936386614609637 -0.012868559566931446 0.027232780142763143 0.0060779146091273694 0.0067455732844685177 -0.0094469424769163743 0.045480040011713165 -0.024389192664657475 -0.0022459569986391726 -0.0039861849790378476 0.012116939721581758 -0.0016130592171290075 0.030143939137855749
leaf_weight=19.822093456983566 593.91746846586466 923.17829778790474 873.58916986733675 296.20483988523483 1566.6607744693756 936.94122469425201 713.15674006193876 20.983374070376158 60.412077933549881 418.77030646800995 1047.7140811532736 345.21986085176468 645.10749089717865 27.339407220482826
leaf_count=151 9562 3986 7429 1835 7227 3971 5769 168 277 2094 4930 1432 3032 143
internal_value=-9.26299e-05 0.00417744 -0.0205234 0.0131671 0.000193103 0.0109272 -0.00798386 0.0175864 0.00169269 0.00278151 -5.93802e-05 0.00513893 -0.00356333 -0.000260973
internal_weight=8489.02 7021.51 1467.51 2156.32 4865.19 1860.12 753.962 40.8055 4111.22 3405.7 1839.04 791.33 705.52 446.11
internal_count=52006 35015 16991 9792 25223 7957 6088 319 19135 15826 8599 3669 3309 2237
cat_boundaries=0 1 2
cat_threshold=789 1860
is_linear=0
shrinkage=0.05


Tree=40
num_leaves=15
num_cat=1
split_feature=11 11 11 11 10 11 2 8 12 0 7 10 3 1
split_gain=273.532 102.018 35.4458 32.6116 19.3659 12.6648 9.42659 9.79705 10.2406 11.5569 15.7931 9.36249 10.1703 13.4182
threshold=0.0145773010514721 0.11449473098711323 0.34263678417970328 0.0052808137100124582 5.5000000000000009 0.61404714246845693 14.500000000000002 22.500000000000004 0 2.5000000000000004 40.722500000000018 7.5000000000000009 6.5000000000000009 57.250000000000007
decision_type=2 2 2 2 2 2 10 2 1 2 8 2 8 8
left_child=3 4 6 -1 -2 -4 7 8 9 -3 -11 -5 13 -13
right_child=1 2 5 11 -6 -7 -8 -9 -10 10 -12 12 -14 -15
leaf_value=-0.035812904824382708 0.001304289140098976 0.051665295413373669 0.017738638721586444 -0.0083410751074843616 -0.0055597581445568315 0.038399295149802622 0.0050056336942236115 -0.0069722400647381543 0.0045432215041181744 0.022455063589875937 0.0042747224428745191 -0.012461192110812043 -0.024704633853633182 0.085877421965558601
leaf_weight=335.67883456498384 2488.7895647734404 23.429422989487648 636.95654779672623 214.68975779414177 1750.2191992029548 83.949395745992661 1462.0123969763517 65.898855164647102 272.54815790057182 324.2085217833519 189.14569933712482 176.44370526820421 425.80616337060928 3.5384135618805876
leaf_count=6150 11567 98 3264 2174 11393 611 5987 269 1122 1338 777 2047 5167 42
internal_value=-8.84003e-05 0.00349168 0.0104521 -0.0226843 -0.00152977 0.0201446 0.0074625 0.0115665 0.013076 0.017007 0.0157565 -0.017313 -0.0204927 -0.0105279
internal_weight=8453.31 7297.16 3058.15 1156.16 4239.01 720.906 2337.24 875.231 809.332 536.784 513.354 820.478 605.788 179.982
internal_count=52006 36426 13466 15580 22960 3875 9591 3604 3335 2213 2115 9430 7256 2089
cat_boundaries=0 1
cat_threshold=1319
is_linear=0
shrinkage=0.05


Tree=41
num_leaves=15
num_cat=1
split_feature=11 10 11 10 11 2 1 8 8 0 4 12 0 7
split_gain=251.352 93.1083 31.6235 25.584 24.4462 11.3843 12.1099 10.9677 11.8239 10.9843 9.76325 21.939 11.3995 9.22756
threshold=0.0145773010514721 2.5000000000000004 0.0052808137100124582 5.5000000000000009 0.48486198043646878 15.500000000000002 51.250000000000007 24.500000000000004 3.5000000000000004 2.5000000000000004 2.9000000000000004 0 4.5000000000000009 40.190000000000012
decision_type=2 2 2 2 2 10 8 2 2 2 10 1 2 10
left_child=2 4 -1 7 5 -2 -7 8 9 -3 11 -10 -13 -8
right_child=1 3 -4 -5 -6 6 13 -9 10 -11 -12 12 -14 -15
leaf_value=-0.035147484673772066 0.014340854196123723 0.0072099067832232314 -0.016686266757320697 -0.0053097456428897434 0.025499923742801595 -0.042472217019487654 0.010243133723774505 -0.0092622212569671899 -0.021990750916536579 -0.0077460813875679562 0.0058855547002208495 0.010682262296001636 -0.0067848022547206017 0.00036967974250465556
leaf_weight=325.200419254601 815.7094644010067 172.4628818333149 809.12785960733891 1744.6266845986247 287.22252014279366 12.453989550471304 746.27970767021179 197.54957611858845 97.392780661582947 426.04300105571747 2050.4462368786335 230.00164470076561 157.28423641622066 346.51901783049107
leaf_count=6150 3522 782 9430 11394 1835 52 3205 918 426 1885 9243 1008 692 1464
internal_value=-8.5482e-05 0.00332396 -0.0219789 -0.000404632 0.0118946 0.00986035 0.00655361 0.00216431 0.00288465 -0.00343643 0.00437697 -0.00200515 0.00349823 0.00711233
internal_weight=8418.32 7283.99 1134.33 5075.81 2208.18 1920.96 1105.25 3331.18 3133.63 598.506 2535.12 484.679 387.286 1092.8
internal_count=52006 36426 15580 26348 10078 8243 4721 14954 14036 2667 11369 2126 1700 4669
cat_boundaries=0 1
cat_threshold=176
is_linear=0
shrinkage=0.05


Tree=42
num_leaves=15
num_cat=0
split_feature=10 11 11 10 11 5 6 2 0 8 8 2 7 10
split_gain=231.716 78.1759 45.157 27.7539 15.4336 10.8322 10.0972 9.88918 9.38513 9.2999 10.9211 9.5672 9.13628 10.7855
threshold=7.5000000000000009 0.26365760724187204 0.0075275337653848114 4.5000000000000009 0.61404714246845693 6.5000000000000009 4.205000000000001 10.500000000000002 4.5000000000000009 24.500000000000004 26.500000000000004 10.500000000000002 39.390000000000015 1.5000000000000002
decision_type=2 2 2 2 2 8 8 10 2 2 2 8 10 2
left_child=1 3 -2 9 5 12 8 -7 -5 11 -11 -1 -3 -14
right_child=2 4 -4 6 -6 7 -8 -9 -10 10 -12 -13 13 -15
leaf_value=0.019925148399089168 -0.031020721094986117 0.025478544841420044 -0.012133350388272443 0.0015463617199927551 0.036838303590128033 0.020259219598065689 -0.013249386525506982 0.0030692400697047996 -0.0049511176819498938 -0.02693284130559925 0.00157388846359889 0.0043013963169659082 0.0084507921413601219 0.02863506710751923
leaf_weight=101.10358594357967 482.60561798885465 257.72610898315907 919.24384417384863 1088.8628739453852 80.381017848849297 115.92837180197239 209.61343961954117 300.63897179067135 1135.1567861698568 50.286872133612633 101.23707872629166 3175.4104376733303 281.20859290659428 86.555901631712914
leaf_count=426 8708 1261 8283 6573 611 594 1336 1493 6964 218 438 13348 1349 404
internal_value=-8.41851e-05 0.00363945 -0.0186356 0.00132461 0.0157282 0.0140998 -0.00275874 0.00785312 -0.00177 0.00422346 -0.00788676 0.0047835 0.01826 0.0132013
internal_weight=8385.96 6984.11 1401.85 5861.67 1122.44 1042.06 2433.63 416.567 2224.02 3428.04 151.524 3276.51 625.491 367.764
internal_count=52006 35015 16991 29303 5712 5101 14873 2087 13537 14430 656 13774 3014 1753
is_linear=0
shrinkage=0.05


Tree=43
num_leaves=15
num_cat=1
split_feature=11 11 11 11 10 10 8 2 11 12 3 1 2 10
split_gain=214.337 78.3028 29.8725 25.1833 17.4364 9.21297 10.7981 14.0256 9.08034 8.70472 8.41896 9.77509 8.34344 8.22529
threshold=0.0145773010514721 0.13646491605063624 0.0044997917884302642 0.41639605593405632 5.5000000000000009 7.5000000000000009 19.500000000000004 76.500000000000014 0.65789419084722767 0 6.5000000000000009 57.250000000000007 251.50000000000003 11.500000000000002
decision_type=2 2 2 2 2 2 2 8 2 1 8 8 10 2
left_child=2 4 -1 9 -2 6 7 -4 12 -3 11 -7 -5 -6
right_child=1 3 5 8 13 10 -8 -9 -10 -11 -12 -13 -14 -15
leaf_value=-0.036343305204851392 0.0015159496074424559 0.011595997387963406 0.0056134700825213116 0.019221482642545154 -0.0049910024293476959 -0.012100509650544732 -0.025129754480143353 -0.039068438312266911 0.040546092428967812 0.0049728211538203415 -0.022986862991750432 0.065721382298163919 -0.039166767006865694 0.058771598874006618
leaf_weight=238.49181912466884 2946.8272504806519 882.46616692841053 133.13031844422221 382.3869764059782 1727.9099258705974 182.32990547642112 61.153453383594751 20.232007198035717 51.942272618412971 1256.0046745985746 456.59732391312718 4.1264469400048247 6.2178389877080908 5.0726179778575888
leaf_count=4920 13404 3743 1388 2208 11356 2270 650 209 407 5234 6093 50 36 38
internal_value=-8.13545e-05 0.0030306 -0.0206907 0.010026 -0.000824528 -0.0163377 -0.00736487 -0.000281098 0.0209117 0.00778344 -0.0193309 -0.0103782 0.0182872 -0.00480436
internal_weight=8354.89 7258.83 1096.06 2579.02 4679.81 857.569 214.516 153.362 440.547 2138.47 643.054 186.456 388.605 1732.98
internal_count=52006 36426 15580 11628 24798 10660 2247 1597 2651 8977 8413 2320 2244 11394
cat_boundaries=0 1
cat_threshold=773
is_linear=0
shrinkage=0.05


Tree=44
num_leaves=15
num_cat=1
split_feature=11 11 11 11 10 12 7 7 10 8 2 11 11 2
split_gain=196.733 71.1458 28.915 27.2544 12.4261 11.7874 10.9085 8.75641 8.62527 10.005 13.2955 16.4572 8.42293 8.00021
threshold=0.0145773010514721 0.11449473098711323 0.0044997917884302642 0.34263678417970328 5.5000000000000009 0 39.663333333333341 39.790000000000013 7.5000000000000009 19.500000000000004 20.500000000000004 0.0064170413021931725 0.0058608931178586636 116.50000000000001
decision_type=2 2 2 2 2 1 10 10 2 2 8 2 2 10
left_child=2 4 -1 -3 -2 6 -5 -8 9 10 12 -12 -4 -6
right_child=1 3 8 5 13 -7 7 -9 -10 -11 11 -13 -14 -15
leaf_value=-0.035703721395611662 0.00094898090742573838 0.0061438405748686512 -0.05390535696607926 0.030412822725249158 -0.0037354566403633872 0.0090129159144304635 -0.027190498633833909 0.016834574770629798 -0.01866933484342892 -0.024360080671282491 0.088055495650919177 -0.023046152547062729 0.016213223956683547 -0.018472719839705439
leaf_weight=230.82199203595519 2493.8522564321756 2330.1729831695557 4.5172839090228072 239.16025100648403 1630.1516539379954 305.30675221979618 12.294084861874579 138.90894900262356 632.86451066657901 59.962150596082211 3.5200957730412474 62.75836743414402 82.540702112019062 97.602601625025272
leaf_count=4920 11567 9591 68 1384 10730 1665 70 756 8413 650 52 635 842 663
internal_value=-7.79189e-05 0.00288516 -0.0200176 0.00873666 -0.00130892 0.0174214 0.0231733 0.013255 -0.0157387 -0.00704324 -0.000271495 -0.0171455 0.0125749 -0.00456798
internal_weight=8324.43 7247.45 1076.99 3025.84 4221.61 695.67 390.363 151.203 846.163 213.299 153.336 66.2785 87.058 1727.75
internal_count=52006 36426 15580 13466 22960 3875 2210 826 10660 2247 1597 687 910 11393
cat_boundaries=0 1
cat_threshold=781
is_linear=0
shrinkage=0.05


Tree=45
num_leaves=15
num_cat=2
split_feature=11 11 11 11 11 12 4 0 7 6 6 7 3 12
split_gain=180.555 65.8315 28.5039 27.222 12.352 9.86512 14.5098 11.8072 9.42771 12.6406 9.35424 9.59537 8.95529 13.9672
threshold=0.014277908558726989 0.2931505460503025 0.072793502892965892 0.0044997917884302642 0.61404714246845693 0 9.7750000000000021 2.5000000000000004 40.645000000000017 0.3050000000000001 3.3450000000000002 41.963333333333345 1.5000000000000002 1
decision_type=2 2 2 2 2 1 10 2 10 8 8 10 8 1
left_child=3 2 -2 -1 12 6 -4 -7 9 -9 11 -5 13 -3
right_child=1 4 5 10 -6 7 -8 8 -10 -11 -12 -13 -14 -15
leaf_value=-0.035059048962613582 -0.0025244209727332688 0.014599387227053709 0.007245401130597991 -0.014596532185826246 0.034622697167251318 0.024199552333335841 0.078098692393252386 -0.021807304345825874 -0.0058065653737678184 0.0038351318151237991 -0.028320068911342325 0.010502806869973541 0.017309339271111033 -0.007263073154603639
leaf_weight=223.50036033242941 3100.3989280685782 181.38770028948784 1267.6139308959246 652.84137402847409 75.537472940981388 57.797390550374985 7.267143487930297 49.668652683496475 378.42706529796124 1484.6113401204348 118.75179786980152 40.436803087592125 544.4617824703455 112.52099262177944
leaf_count=4920 18245 943 5263 8363 611 239 30 206 1580 6172 1571 521 2763 579
internal_value=-7.50283e-05 0.00271098 0.000904075 -0.0196067 0.0152574 0.0041794 0.00758975 0.00192469 0.00126166 0.00300502 -0.0153536 -0.0131326 0.0135126 0.0064791
internal_weight=8295.22 7259.69 6345.78 1035.53 913.908 3245.39 1274.88 1970.5 1912.71 1534.28 812.03 693.278 838.37 293.909
internal_count=52006 36631 31735 15375 4896 13490 5293 8197 7958 6378 10455 8884 4285 1522
cat_boundaries=0 1 2
cat_threshold=773 1803
is_linear=0
shrinkage=0.05


Tree=46
num_leaves=15
num_cat=1
split_feature=10 11 11 10 11 6 5 7 3 12 6 0 7 10
split_gain=167.318 55.896 37.9794 20.1359 11.7365 9.10009 8.43407 8.46792 10.5442 8.71804 9.77549 8.24339 8.206 8.96461
threshold=7.5000000000000009 0.2931505460503025 0.0075275337653848114 4.5000000000000009 0.61404714246845693 4.205000000000001 6.5000000000000009 39.345000000000006 1.5000000000000002 0 0.91833333333333333 4.5000000000000009 40.010000000000012 1.5000000000000002
decision_type=2 2 2 2 2 8 8 10 10 1 10 2 10 2
left_child=1 3 -2 -1 6 11 7 -3 9 -9 -11 -5 13 -8
right_child=2 4 -4 5 -6 -7 12 8 -10 10 -12 -13 -14 -15
leaf_value=0.0036607341455174181 -0.028403277499425807 0.025293166717146653 -0.010408867148050378 0.0018134584296076084 0.033737796379871419 -0.01227090004009963 0.0071997969989883882 -0.025510139656264426 0.017293036840402145 -0.023690109545456653 0.023536659017423456 -0.0042947101009294031 -0.0086662478198458268 0.03300124870748767
leaf_weight=3616.0456020832062 437.18341761827469 193.8610757291317 890.55957623571157 1084.9351075291634 73.690284937620163 206.54286779090762 244.76196551322937 21.022342637181282 216.45784126222134 15.949997976422308 35.004485502839088 1125.2485117018223 67.339813783764839 39.034256860613823
leaf_count=15246 8708 1006 8283 6573 611 1336 1302 104 1079 81 176 6964 340 197
internal_value=-7.19884e-05 0.00303924 -0.0163339 0.0012992 0.0146113 -0.00223426 0.0129201 0.0172119 0.0117803 -0.00479811 0.00731745 -0.00129633 0.00702529 0.0107486
internal_weight=8267.64 6939.89 1327.74 6032.77 907.122 2416.73 833.432 482.296 288.435 71.9768 50.9545 2210.18 351.136 283.796
internal_count=52006 35015 16991 30119 4896 14873 4285 2446 1440 361 257 13537 1839 1499
cat_boundaries=0 1
cat_threshold=209
is_linear=0
shrinkage=0.05


Tree=47
num_leaves=15
num_cat=1
split_feature=11 10 11 11 11 2 1 3 9 6 7 4 12 7
split_gain=153.597 56.3228 25.0094 17.6988 15.2776 9.849 10.7638 9.10081 9.60267 8.96298 8.50741 7.95964 8.46306 8.51952
threshold=0.013964549808562756 2.5000000000000004 0.0044997917884302642 0.48486198043646878 0.043654213006527422 15.500000000000002 51.250000000000007 3.5000000000000004 1.0000000180025095e-35 3.3450000000000002 41.963333333333345 9.3666666666666689 0 40.222500000000011
decision_type=2 2 2 2 2 10 8 10 8 8 10 10 1 10
left_child=2 3 -1 5 -3 -2 -7 8 -6 10 -4 12 -8 -14
right_child=1 4 9 -5 7 6 11 -9 -10 -11 -12 -13 13 -15
leaf_value=-0.033881642118717428 0.011710307555141491 -0.0040119565647570958 -0.013654207835247945 0.021280408255787683 -0.016325707756028523 -0.041819538219141812 0.0089699941363983911 0.0039528289176385427 -0.00024901983917206149 -0.027500166892228495 0.010422292936512324 0.041616918220822217 0.0034526042687121196 -0.01132965659110112
leaf_weight=211.10192279517651 803.27995358407497 1878.8945919498801 619.00040217489004 265.93952870368958 100.20609785616398 12.44344551861286 515.13076873123646 1847.2741599231958 1271.072183534503 112.48015528544784 39.002040676772594 14.60121540725231 424.49644450843334 126.52188131213188
leaf_count=4920 3522 12502 8189 1835 444 52 2251 8281 5531 1552 509 62 1824 532
internal_value=-7.08481e-05 0.00243907 -0.0186343 0.00920075 -0.000429341 0.00750684 0.00441813 0.00166208 -0.00142382 -0.0144568 -0.0122271 0.00495049 0.00444834 5.734e-05
internal_weight=8241.44 7259.86 981.585 2162.41 5097.45 1896.47 1093.19 3218.55 1371.28 770.483 658.002 1080.75 1066.15 551.018
internal_count=52006 36836 15170 10078 26758 8243 4721 14256 5975 10250 8698 4669 4607 2356
cat_boundaries=0 1
cat_threshold=789
is_linear=0
shrinkage=0.05


Tree=48
num_leaves=15
num_cat=1
split_feature=10 11 11 11 11 12 4 0 0 7 6 5 0 4
split_gain=141.876 47.0539 34.478 16.7785 11.1047 8.91482 13.0663 10.3656 8.61775 8.08317 11.444 8.21786 8.02287 10.5802
threshold=7.5000000000000009 0.2931505460503025 0.0075275337653848114 0.071529914310836204 0.65789419084722767 0 9.7750000000000021 2.5000000000000004 4.5000000000000009 40.645000000000017 0.3050000000000001 0.075000000000000025 6.5000000000000009 2.6333333333333337
decision_type=2 2 2 2 2 1 10 2 2 10 8 10 2 8
left_child=1 3 -2 -1 8 6 -5 -7 -3 10 -9 -12 -10 -14
right_child=2 4 -4 5 -6 7 -8 9 12 -11 11 -13 13 -15
leaf_value=-0.001706205000638023 -0.027090072257156046 0.015704792200823461 -0.0096326344447323388 0.0064846343965614854 0.037230233499537684 0.022310159185564983 0.073753916698490921 -0.020966437405467012 -0.00099400664485652232 -0.0056549282441871254 -0.0032726639936692726 0.0053365203799757835 -0.00089678358333719155 0.032867648390557523
leaf_weight=2736.7631683275104 417.15192329883575 568.28794327378273 878.33334045112133 1285.809486284852 46.628918565809727 57.960868641734123 7.2594823837280265 50.465170830488205 186.69554445892572 382.99191530048847 366.43093405663967 1138.1366285085678 43.838426925241947 49.285953886806965
leaf_count=16428 8708 3032 8283 5346 407 240 30 210 967 1602 1524 4739 233 257
internal_value=-6.78907e-05 0.00277486 -0.015254 0.00118617 0.0134742 0.00359287 0.00680963 0.00146747 0.0121681 0.000851701 0.00245423 0.00323979 0.00498543 0.016973
internal_weight=8216.04 6920.55 1295.49 6025.82 894.737 3289.05 1293.07 1995.99 848.108 1938.02 1555.03 1504.57 279.82 93.1244
internal_count=52006 35015 16991 30119 4896 13691 5376 8315 4489 8075 6473 6263 1457 490
cat_boundaries=0 1
cat_threshold=773
is_linear=0
shrinkage=0.05


Tree=49
num_leaves=15
num_cat=2
split_feature=11 11 11 11 10 12 8 2 6 12 4 6 7 7
split_gain=130.537 47.0343 23.7306 17.2506 10.9711 9.83768 9.2716 10.5179 10.4815 9.98772 9.79281 8.42433 8.86776 8.05627
threshold=0.013964549808562756 0.13646491605063624 0.0041443290647105073 0.44189301962144439 6.5000000000000009 0 21.500000000000004 57.500000000000007 7.5500000000000007 1 2.1000000000000005 3.3450000000000002 41.963333333333345 39.963333333333345
decision_type=2 2 2 2 2 1 2 8 8 1 8 8 10 10
left_child=2 4 -1 -3 6 -5 7 8 13 -8 -9 12 -4 -2
right_child=1 3 11 5 -6 -7 9 10 -10 -11 -12 -13 -14 -15
leaf_value=-0.03423367183201214 0.0059427955694636887 0.0061031503332014845 -0.013059625229904998 0.00033876290917979909 -0.0053521046416286034 0.022385846437763056 -0.017383674881796245 -0.026692222227423092 -0.028740926769061394 -0.001103709701453859 -0.0026618597202351891 -0.026305259726013375 0.011195011311122395 0.00039281607469708076
leaf_weight=172.67960141599178 1290.9491217806935 2200.1319501549006 626.08560040965676 72.8888293877244 1010.1198392882943 262.65789213776588 128.76776374131441 45.845242038369179 26.051405072212219 312.80408833920956 563.53300635516644 114.06501027196646 40.098189402371645 1324.9734571650624
leaf_count=4305 6116 9385 8656 470 7390 1773 663 218 127 1563 2746 1673 536 6385
internal_value=-6.53154e-05 0.00222477 -0.0174614 0.00771371 -0.000734636 0.0182739 0.000528373 0.00145165 0.00281743 -0.00626982 -0.00446973 -0.0137495 -0.0115997 0.00313171
internal_weight=8191.65 7238.72 952.928 2535.68 4703.04 335.547 3692.92 3251.35 2641.97 441.572 609.378 780.249 666.184 2615.92
internal_count=52006 36836 15170 11628 25208 2243 17818 15592 12628 2226 2964 10865 9192 12501
cat_boundaries=0 1 2
cat_threshold=146 5
is_linear=0
shrinkage=0.05


end of trees

feature_importances:
odds_prob=353
人気=125
days_since_last=41
競馬場=41
avg5_last3f=39
avg5_ninki=23
avg5_margin=20
齢=19
n_past_races=15
last_ninki=11
last_margin=6
kinryo=5
same_track_as_last=2

parameters:
[boosting: gbdt]
[objective: binary]
[metric: auc]
[tree_learner: serial]
[device_type: cpu]
[data_sample_strategy: bagging]
[data: ]
[valid: ]
[num_iterations: 50]
[learning_rate: 0.05]
[num_leaves: 15]
[num_threads: 0]
[seed: 0]
[deterministic: 0]
[force_col_wise: 0]
[force_row_wise: 0]
[histogram_pool_size: -1]
[max_depth: -1]
[min_data_in_leaf: 30]
[min_sum_hessian_in_leaf: 0.001]
[bagging_fraction: 1]
[pos_bagging_fraction: 1]
[neg_bagging_fraction: 1]
[bagging_freq: 0]
[bagging_seed: 3]
[bagging_by_query: 0]
[feature_fraction: 1]
[feature_fraction_bynode: 1]
[feature_fraction_seed: 2]
[extra_trees: 0]
[extra_seed: 6]
[early_stopping_round: 0]
[early_stopping_min_delta: 0]
[first_metric_only: 0]
[max_delta_step: 0]
[lambda_l1: 0]
[lambda_l2: 0]
[linear_lambda: 0]
[min_gain_to_split: 0]
[drop_rate: 0.1]
[max_drop: 50]
[skip_drop: 0.5]
[xgboost_dart_mode: 0]
[uniform_drop: 0]
[drop_seed: 4]
[top_rate: 0.2]
[other_rate: 0.1]
[min_data_per_group: 100]
[max_cat_threshold: 32]
[cat_l2: 10]
[cat_smooth: 10]
[max_cat_to_onehot: 4]
[top_k: 20]
[monotone_constraints: ]
[monotone_constraints_method: basic]
[monotone_penalty: 0]
[feature_contri: ]
[forcedsplits_filename: ]
[refit_decay_rate: 0.9]
[cegb_tradeoff: 1]
[cegb_penalty_split: 0]
[cegb_penalty_feature_lazy: ]
[cegb_penalty_feature_coupled: ]
[path_smooth: 0]
[interaction_constraints: ]
[verbosity: -1]
[saved_feature_importance_type: 0]
[use_quantized_grad: 0]
[num_grad_quant_bins: 4]
[quant_train_renew_leaf: 0]
[stochastic_rounding: 1]
[linear_tree: 0]
[max_bin: 255]
[max_bin_by_feature: ]
[min_data_in_bin: 3]
[bin_construct_sample_cnt: 200000]
[data_random_seed: 1]
[is_enable_sparse: 1]
[enable_bundle: 1]
[use_missing: 1]
[zero_as_missing: 0]
[feature_pre_filter: 1]
[pre_partition: 0]
[two_round: 0]
[header: 0]
[label_column: ]
[weight_column: ]
[group_column: ]
[ignore_column: ]
[categorical_feature: 12,13]
[forcedbins_filename: ]
[precise_float_parser: 0]
[parser_config_file: ]
[objective_seed: 5]
[num_class: 1]
[is_unbalance: 0]
[scale_pos_weight: 1]
[sigmoid: 1]
[boost_from_average: 1]
[reg_sqrt: 0]
[alpha: 0.9]
[fair_c: 1]
[poisson_max_delta_step: 0.7]
[tweedie_variance_power: 1.5]
[lambdarank_truncation_level: 30]
[lambdarank_norm: 1]
[label_gain: ]
[lambdarank_position_bias_regularization: 0]
[eval_at: ]
[multi_error_top_k: 1]
[auc_mu_weights: ]
[num_machines: 1]
[local_listen_port: 12400]
[time_out: 120]
[machine_list_filename: ]
[machines: ]
[gpu_platform_id: -1]
[gpu_device_id: -1]
[gpu_device_id_list: ]
[gpu_use_dp: 0]
[num_gpu: 1]

end of parameters

pandas_categorical:[["\u4f50\u8cc0", "\u540d\u53e4\u5c4b", "\u5712\u7530", "\u5927\u4e95", "\u5ddd\u5d0e", "\u6d66\u548c", "\u76db\u5ca1", "\u8239\u6a4b", "\u91d1\u6ca2", "\u9580\u5225", "\u9ad8\u77e5"], ["\u30bb", "\u725d", "\u7261"]]
